[results]
loss=0.084850185
err=0.9997244
elapsed_time_chunk=135.573589
