[results]
loss=0.084583916
err=0.9997117
elapsed_time_chunk=155.469321
