[results]
loss=0.34529555
err=0.999786
elapsed_time_chunk=49.570447
