[results]
loss=2.8105109
err=0.99968123
elapsed_time_chunk=138.955618
