[results]
loss=0.08551794
err=0.9996979
elapsed_time_chunk=134.535706
