[results]
loss=0.08442502
err=0.9997398
elapsed_time_chunk=147.211326
