[results]
loss=0.08418001
err=0.9997127
elapsed_time_chunk=149.774548
