[results]
loss=0.08308229
err=0.9997874
elapsed_time_chunk=141.902227
