[results]
loss=0.08422152
err=0.99973863
elapsed_time_chunk=143.630407
