[results]
loss=0.08400334
err=0.99974227
elapsed_time_chunk=142.058807
