[results]
loss=0.0849182
err=0.99970436
elapsed_time_chunk=150.156137
