[results]
loss=0.083661094
err=0.99973863
elapsed_time_chunk=146.999282
