[results]
loss=0.08271623
err=0.9996286
elapsed_time_chunk=153.763642
