[results]
loss=0.08504904
err=0.999681
elapsed_time_chunk=148.063480
