[results]
loss=0.08458596
err=0.99973315
elapsed_time_chunk=140.401658
