[results]
loss=0.083704695
err=0.99971014
elapsed_time_chunk=150.776003
