[results]
loss=0.3457971
err=0.99973077
elapsed_time_chunk=140.695306
