[results]
loss=0.08553524
err=0.999737
elapsed_time_chunk=143.297942
