[results]
loss=0.08447469
err=0.999733
elapsed_time_chunk=149.550259
