[results]
loss=0.08322599
err=0.9997319
elapsed_time_chunk=145.290581
