[results]
loss=0.5577474
err=0.9994092
elapsed_time_chunk=66.486400
