[results]
loss=0.0824351
err=0.9997213
elapsed_time_chunk=145.581375
