[results]
loss=0.08706099
err=0.99979347
elapsed_time_chunk=139.942989
