[results]
loss=0.0855407
err=0.9997751
elapsed_time_chunk=138.357921
