[results]
loss=0.08703331
err=0.99974275
elapsed_time_chunk=158.060781
