[results]
loss=0.08366259
err=0.9995903
elapsed_time_chunk=149.084853
