[results]
loss=0.08211823
err=0.99972606
elapsed_time_chunk=155.077433
