[results]
loss=0.08293102
err=0.99978715
elapsed_time_chunk=149.539053
