[results]
loss=0.08392624
err=0.999702
elapsed_time_chunk=151.274423
