[results]
loss=0.08478341
err=0.99969363
elapsed_time_chunk=147.576636
