[results]
loss=0.085188724
err=0.9996983
elapsed_time_chunk=142.678680
