[results]
loss=0.0849118
err=0.9997369
elapsed_time_chunk=147.460691
