[results]
loss=0.30800572
err=0.9992367
elapsed_time_chunk=63.286442
