[results]
loss=0.34272116
err=0.99933034
elapsed_time_chunk=62.765260
