[results]
loss=0.08375031
err=0.9996964
elapsed_time_chunk=144.432002
