[results]
loss=0.08342394
err=0.9997335
elapsed_time_chunk=144.390125
