[results]
loss=0.08443294
err=0.9997762
elapsed_time_chunk=152.520607
