[results]
loss=0.08597361
err=0.9996861
elapsed_time_chunk=144.021795
