[results]
loss=0.08477428
err=0.99972564
elapsed_time_chunk=154.616977
