[results]
loss=0.082965836
err=0.99973685
elapsed_time_chunk=148.054421
