[results]
loss=0.31687477
err=0.9998405
elapsed_time_chunk=64.858121
