[results]
loss=0.4457106
err=0.9996563
elapsed_time_chunk=148.662095
