[results]
loss=0.36081344
err=0.9997399
elapsed_time_chunk=149.720512
