[results]
loss=0.08792258
err=0.9997597
elapsed_time_chunk=137.249704
