[results]
loss=0.08569185
err=0.9996591
elapsed_time_chunk=151.089339
