[results]
loss=0.08476013
err=0.9995574
elapsed_time_chunk=137.318515
