[results]
loss=0.08310504
err=0.99976057
elapsed_time_chunk=153.931649
