[results]
loss=0.08536843
err=0.99969405
elapsed_time_chunk=146.884732
