[results]
loss=1.2499416
err=0.99978775
elapsed_time_chunk=140.309564
