[results]
loss=0.08398066
err=0.99975103
elapsed_time_chunk=156.548516
