[results]
loss=0.08553758
err=0.9998509
elapsed_time_chunk=143.375038
