[results]
loss=0.08487038
err=0.99974585
elapsed_time_chunk=140.848819
