[results]
loss=0.086077616
err=0.9996893
elapsed_time_chunk=146.908170
