[results]
loss=0.08429333
err=0.99970835
elapsed_time_chunk=151.371626
