[results]
loss=0.08539471
err=0.99973446
elapsed_time_chunk=151.729185
