[results]
loss=0.08403898
err=0.9997493
elapsed_time_chunk=146.923343
