[results]
loss=0.08427482
err=0.9997259
elapsed_time_chunk=135.275530
