[results]
loss=0.08837711
err=0.9997669
elapsed_time_chunk=151.588395
