[results]
loss=0.11380396
err=0.999171
elapsed_time_chunk=54.195076
