[results]
loss=0.085159555
err=0.99974877
elapsed_time_chunk=125.987054
