[results]
loss=0.08355301
err=0.9997021
elapsed_time_chunk=151.924569
