[results]
loss=0.08418524
err=0.9996898
elapsed_time_chunk=143.396311
