[results]
loss=0.08531975
err=0.99980307
elapsed_time_chunk=150.370016
