[results]
loss=0.08383787
err=0.9996247
elapsed_time_chunk=145.198781
