[results]
loss=0.08546127
err=0.99970996
elapsed_time_chunk=149.161248
