[results]
loss=1.118695
err=0.9997566
elapsed_time_chunk=64.721215
