[results]
loss=0.08778038
err=0.99972326
elapsed_time_chunk=154.763334
