[results]
loss=0.087089755
err=0.99966323
elapsed_time_chunk=143.097735
