[results]
loss=0.08591323
err=0.9997977
elapsed_time_chunk=143.341101
