[results]
loss=0.084320754
err=0.9997067
elapsed_time_chunk=146.123694
