[results]
loss=0.08204418
err=0.999679
elapsed_time_chunk=149.562151
