[results]
loss=0.085177496
err=0.99968195
elapsed_time_chunk=150.252284
