[results]
loss=0.08579062
err=0.99966687
elapsed_time_chunk=157.751059
