[results]
loss=0.08457578
err=0.99978244
elapsed_time_chunk=141.449156
