[results]
loss=0.3363236
err=0.99975437
elapsed_time_chunk=92.532795
