[results]
loss=0.08358966
err=0.9997123
elapsed_time_chunk=138.691903
