[results]
loss=0.08534745
err=0.9996765
elapsed_time_chunk=146.727758
