[results]
loss=0.46136013
err=0.9997164
elapsed_time_chunk=141.226121
