[results]
loss=0.08588376
err=0.999714
elapsed_time_chunk=157.717274
