[results]
loss=0.08474413
err=0.99976045
elapsed_time_chunk=147.879037
