[results]
loss=0.08299136
err=0.99970585
elapsed_time_chunk=152.491395
