[results]
loss=0.08573746
err=0.9996799
elapsed_time_chunk=138.121753
