[results]
loss=0.4618593
err=0.9997379
elapsed_time_chunk=63.675471
