[results]
loss=0.08540304
err=0.99969524
elapsed_time_chunk=150.886062
