[results]
loss=0.5225967
err=0.9992406
elapsed_time_chunk=54.637854
