[results]
loss=0.08449601
err=0.9997615
elapsed_time_chunk=153.368444
