[results]
loss=0.64603484
err=0.9997299
elapsed_time_chunk=65.008050
