[results]
loss=0.08399841
err=0.99970746
elapsed_time_chunk=147.789460
