[results]
loss=0.08484311
err=0.99971336
elapsed_time_chunk=142.954102
