[results]
loss=0.99459463
err=0.9997725
elapsed_time_chunk=150.742064
