[results]
loss=0.08228103
err=0.99970824
elapsed_time_chunk=142.306363
