[results]
loss=0.08655022
err=0.99973744
elapsed_time_chunk=136.348337
