[results]
loss=0.35151172
err=0.99973786
elapsed_time_chunk=143.346543
