[results]
loss=0.08622488
err=0.9996705
elapsed_time_chunk=148.721867
