[results]
loss=0.0850159
err=0.9997218
elapsed_time_chunk=141.097567
