[results]
loss=0.08540719
err=0.9996655
elapsed_time_chunk=156.313245
