[results]
loss=0.13345963
err=0.99996835
elapsed_time_chunk=53.286795
