[results]
loss=0.083010525
err=0.9996746
elapsed_time_chunk=148.648781
