[results]
loss=0.08603637
err=0.99976075
elapsed_time_chunk=147.100793
