[results]
loss=0.088696316
err=0.9997943
elapsed_time_chunk=139.002366
