[results]
loss=0.08513568
err=0.99969584
elapsed_time_chunk=138.581029
