[results]
loss=0.08600467
err=0.9996677
elapsed_time_chunk=145.426733
