[results]
loss=0.08473911
err=0.99975294
elapsed_time_chunk=148.375376
