[results]
loss=0.084878534
err=0.9996365
elapsed_time_chunk=148.668228
