[results]
loss=0.34079117
err=0.999723
elapsed_time_chunk=54.423199
