[results]
loss=0.6774141
err=0.9998125
elapsed_time_chunk=87.230286
