[results]
loss=0.08457409
err=0.99967575
elapsed_time_chunk=147.545098
