[results]
loss=0.0833461
err=0.9996827
elapsed_time_chunk=156.865759
