[results]
loss=0.30764154
err=0.9995333
elapsed_time_chunk=89.025336
