[results]
loss=0.08541594
err=0.99971426
elapsed_time_chunk=145.432652
