[results]
loss=0.08473189
err=0.9997556
elapsed_time_chunk=143.752782
