[results]
loss=0.08356623
err=0.9997802
elapsed_time_chunk=135.034412
