[results]
loss=0.08565933
err=0.99970007
elapsed_time_chunk=139.148637
