[results]
loss=0.084705606
err=0.9996821
elapsed_time_chunk=160.405432
