[results]
loss=0.08408543
err=0.9997105
elapsed_time_chunk=139.936376
