[results]
loss=2.0098405
err=0.99970573
elapsed_time_chunk=156.556162
