[results]
loss=1.9081123
err=0.9997067
elapsed_time_chunk=145.137993
