[results]
loss=0.08540756
err=0.99969715
elapsed_time_chunk=148.469407
