[results]
loss=0.087085776
err=0.99972504
elapsed_time_chunk=138.481947
