[results]
loss=1.1802701
err=0.999699
elapsed_time_chunk=89.434025
