[results]
loss=0.08394471
err=0.9996784
elapsed_time_chunk=149.218822
