[results]
loss=0.08296421
err=0.99968547
elapsed_time_chunk=147.729631
