[results]
loss=0.08560485
err=0.99972296
elapsed_time_chunk=135.960619
