[results]
loss=0.08475747
err=0.99972254
elapsed_time_chunk=145.782854
