[results]
loss=0.9965059
err=0.99977666
elapsed_time_chunk=137.041979
