[results]
loss=0.0872687
err=0.9997543
elapsed_time_chunk=140.804885
