[results]
loss=0.08230725
err=0.9997284
elapsed_time_chunk=137.654234
