[results]
loss=0.81684697
err=0.9997206
elapsed_time_chunk=140.581007
