[results]
loss=0.083317615
err=0.9997234
elapsed_time_chunk=142.171870
