[results]
loss=0.08462085
err=0.9997538
elapsed_time_chunk=143.468331
