[results]
loss=0.088233285
err=0.9997477
elapsed_time_chunk=145.175080
