[results]
loss=0.08466597
err=0.9997553
elapsed_time_chunk=148.389680
