[results]
loss=0.08388971
err=0.9997339
elapsed_time_chunk=147.681656
