[results]
loss=0.3161889
err=0.99973905
elapsed_time_chunk=93.603294
