[results]
loss=0.08229538
err=0.9997128
elapsed_time_chunk=151.350760
