[results]
loss=0.08489518
err=0.9997198
elapsed_time_chunk=148.045671
