[results]
loss=0.08316525
err=0.99973744
elapsed_time_chunk=147.570416
