[results]
loss=0.116704285
err=0.9997326
elapsed_time_chunk=53.613611
