[results]
loss=0.085080996
err=0.99962234
elapsed_time_chunk=158.541487
