[results]
loss=0.084812984
err=0.9997455
elapsed_time_chunk=152.631620
