[results]
loss=0.08346773
err=0.9996989
elapsed_time_chunk=141.366052
