[results]
loss=0.086327314
err=0.99974215
elapsed_time_chunk=143.020922
