[results]
loss=0.084119245
err=0.99968624
elapsed_time_chunk=149.854577
