[results]
loss=0.08244656
err=0.9996843
elapsed_time_chunk=149.953475
