[results]
loss=0.08560116
err=0.9996889
elapsed_time_chunk=152.540419
