[results]
loss=0.11494887
err=0.99982077
elapsed_time_chunk=54.243958
