[results]
loss=3.8362358
err=0.999759
elapsed_time_chunk=148.258559
