[results]
loss=0.08618484
err=0.9997049
elapsed_time_chunk=152.790065
