[results]
loss=0.08583355
err=0.99971145
elapsed_time_chunk=147.612418
