[results]
loss=0.08407452
err=0.9997207
elapsed_time_chunk=150.291016
