[results]
loss=0.08322292
err=0.9997458
elapsed_time_chunk=158.857599
