[results]
loss=0.08504535
err=0.9996985
elapsed_time_chunk=154.963683
