[results]
loss=0.08520278
err=0.9996736
elapsed_time_chunk=142.693363
