[results]
loss=0.08355023
err=0.9997181
elapsed_time_chunk=140.085796
