[results]
loss=0.08417126
err=0.99965405
elapsed_time_chunk=157.262772
