[results]
loss=0.086137906
err=0.99970543
elapsed_time_chunk=150.901420
