[results]
loss=0.085884325
err=0.99968827
elapsed_time_chunk=151.495802
