[results]
loss=0.085340746
err=0.999672
elapsed_time_chunk=148.203878
