[results]
loss=0.084082544
err=0.99970955
elapsed_time_chunk=153.790313
