[results]
loss=0.08389038
err=0.99971664
elapsed_time_chunk=143.425441
