[results]
loss=0.0836548
err=0.99974924
elapsed_time_chunk=144.941183
