[results]
loss=0.08565494
err=0.9997518
elapsed_time_chunk=148.339633
