[results]
loss=0.081975624
err=0.999714
elapsed_time_chunk=148.342371
