[results]
loss=0.08686773
err=0.9996554
elapsed_time_chunk=158.240140
