[results]
loss=0.083231285
err=0.9998241
elapsed_time_chunk=140.044826
