[results]
loss=0.083850645
err=0.99970126
elapsed_time_chunk=151.919662
