[results]
loss=0.08712361
err=0.99967664
elapsed_time_chunk=163.803166
