[results]
loss=0.08377046
err=0.9997186
elapsed_time_chunk=143.524029
