[results]
loss=0.08292634
err=0.99972236
elapsed_time_chunk=146.376807
