[results]
loss=0.38912633
err=0.9997482
elapsed_time_chunk=54.172546
