[results]
loss=0.08516248
err=0.9997263
elapsed_time_chunk=146.984409
