[results]
loss=0.290143
err=0.9996987
elapsed_time_chunk=95.305555
