[results]
loss=0.080973335
err=0.9997483
elapsed_time_chunk=145.404526
