[results]
loss=0.08440355
err=0.9997702
elapsed_time_chunk=149.009717
