[results]
loss=0.3843185
err=0.9998664
elapsed_time_chunk=61.764503
