[results]
loss=0.3946365
err=0.9996188
elapsed_time_chunk=91.139757
