[results]
loss=0.085470594
err=0.99975145
elapsed_time_chunk=139.454040
