[results]
loss=0.08561478
err=0.99972093
elapsed_time_chunk=151.278876
