[results]
loss=0.083856545
err=0.9996827
elapsed_time_chunk=145.333875
