[results]
loss=0.0848764
err=0.99965495
elapsed_time_chunk=151.381943
