[results]
loss=0.08636924
err=0.99977577
elapsed_time_chunk=139.101229
