[results]
loss=1.6486982
err=0.9997152
elapsed_time_chunk=155.986833
