[results]
loss=0.08318569
err=0.99974287
elapsed_time_chunk=152.350139
