[results]
loss=0.084430225
err=0.99969745
elapsed_time_chunk=141.950237
