[results]
loss=0.57632667
err=0.99970883
elapsed_time_chunk=140.681649
