[results]
loss=0.11172512
err=0.99983674
elapsed_time_chunk=54.483502
