[results]
loss=0.38453543
err=0.9997317
elapsed_time_chunk=52.239310
