[results]
loss=0.08514982
err=0.99970585
elapsed_time_chunk=145.386682
