[results]
loss=0.08415083
err=0.9997031
elapsed_time_chunk=152.112738
