[results]
loss=0.08331387
err=0.99967074
elapsed_time_chunk=143.103846
