[results]
loss=0.08702769
err=0.9997076
elapsed_time_chunk=155.420273
