[results]
loss=0.085967876
err=0.9996444
elapsed_time_chunk=151.000528
