[results]
loss=0.083962485
err=0.9997197
elapsed_time_chunk=146.947101
