[results]
loss=0.08670361
err=0.9997589
elapsed_time_chunk=149.099061
