[results]
loss=0.08297797
err=0.99968857
elapsed_time_chunk=155.960243
