[results]
loss=1.326654
err=0.9997844
elapsed_time_chunk=138.889244
