[results]
loss=0.084458984
err=0.9997311
elapsed_time_chunk=147.155460
