[results]
loss=1.165182
err=0.99971807
elapsed_time_chunk=143.337946
