[results]
loss=0.0862292
err=0.9997314
elapsed_time_chunk=149.418133
