[results]
loss=0.084240586
err=0.99968743
elapsed_time_chunk=151.570988
