[results]
loss=0.085671715
err=0.9997039
elapsed_time_chunk=145.843470
