[results]
loss=0.08365849
err=0.9997489
elapsed_time_chunk=147.074023
