[results]
loss=0.079497404
err=0.9996784
elapsed_time_chunk=149.803987
