[results]
loss=0.086705
err=0.9997008
elapsed_time_chunk=138.148153
