[results]
loss=0.08719409
err=0.9996734
elapsed_time_chunk=148.800365
