[results]
loss=1.4133327
err=0.9997058
elapsed_time_chunk=141.781547
