[results]
loss=0.08430422
err=0.99970543
elapsed_time_chunk=136.540386
