[results]
loss=0.71356976
err=0.9998131
elapsed_time_chunk=65.955325
