[results]
loss=0.083816506
err=0.9997054
elapsed_time_chunk=140.478956
