[results]
loss=0.083963536
err=0.9997168
elapsed_time_chunk=146.771361
