[results]
loss=0.084462814
err=0.99978
elapsed_time_chunk=146.570895
