[results]
loss=0.083610505
err=0.9997425
elapsed_time_chunk=145.928159
