[results]
loss=0.08337244
err=0.99965525
elapsed_time_chunk=151.024997
