[results]
loss=0.08449648
err=0.99977696
elapsed_time_chunk=152.096378
