[results]
loss=0.086212054
err=0.99978
elapsed_time_chunk=157.581841
