[results]
loss=0.27935812
err=0.9997552
elapsed_time_chunk=145.471204
