[results]
loss=0.08461627
err=0.99963784
elapsed_time_chunk=149.753082
