[results]
loss=0.13360496
err=0.9999379
elapsed_time_chunk=49.364341
