[results]
loss=0.08436887
err=0.9997888
elapsed_time_chunk=136.944097
