[results]
loss=0.083094746
err=0.9997865
elapsed_time_chunk=147.260726
