[results]
loss=0.8155007
err=0.99971414
elapsed_time_chunk=154.430558
