[results]
loss=0.08226299
err=0.99979246
elapsed_time_chunk=142.036416
