[results]
loss=0.083600305
err=0.99971586
elapsed_time_chunk=151.941357
