[results]
loss=0.36916608
err=0.9997451
elapsed_time_chunk=94.371493
