[results]
loss=0.08572032
err=0.99976915
elapsed_time_chunk=149.309216
