[results]
loss=0.08534071
err=0.9997591
elapsed_time_chunk=153.199446
