[results]
loss=0.08270229
err=0.9997397
elapsed_time_chunk=149.790040
