[results]
loss=0.08384428
err=0.99972886
elapsed_time_chunk=149.942144
