[results]
loss=0.086373895
err=0.99970496
elapsed_time_chunk=151.916545
