[results]
loss=0.08439455
err=0.99964565
elapsed_time_chunk=152.765175
