[results]
loss=0.3987062
err=0.9998108
elapsed_time_chunk=65.241264
