[results]
loss=0.0907443
err=0.9997599
elapsed_time_chunk=132.649170
