[results]
loss=0.08366952
err=0.99975854
elapsed_time_chunk=152.820302
