[results]
loss=0.43416786
err=0.9996978
elapsed_time_chunk=89.966474
