[results]
loss=0.08839723
err=0.99971515
elapsed_time_chunk=135.129600
