[results]
loss=0.41421455
err=0.99976254
elapsed_time_chunk=62.233758
