[results]
loss=0.086023614
err=0.9997467
elapsed_time_chunk=146.412937
