[results]
loss=0.09178231
err=0.99963576
elapsed_time_chunk=132.494351
