[results]
loss=0.085231215
err=0.9997065
elapsed_time_chunk=141.664800
