[results]
loss=0.083148725
err=0.9997017
elapsed_time_chunk=138.610201
