[results]
loss=0.084484406
err=0.9997597
elapsed_time_chunk=140.463150
