[results]
loss=0.08384712
err=0.9997302
elapsed_time_chunk=139.251345
