[results]
loss=0.088407144
err=0.9997808
elapsed_time_chunk=151.417253
