[results]
loss=0.08713104
err=0.99982953
elapsed_time_chunk=153.001500
