[results]
loss=0.11306902
err=0.9994125
elapsed_time_chunk=56.635599
