[results]
loss=0.084848
err=0.99974805
elapsed_time_chunk=143.728226
