[results]
loss=0.08530769
err=0.99970603
elapsed_time_chunk=144.207259
