[results]
loss=0.08635136
err=0.9996676
elapsed_time_chunk=137.860105
