[results]
loss=0.085695975
err=0.99966115
elapsed_time_chunk=151.100055
