[results]
loss=0.084455214
err=0.9997289
elapsed_time_chunk=140.706451
