[results]
loss=0.08218589
err=0.9997244
elapsed_time_chunk=146.499261
