[results]
loss=0.08488968
err=0.9997539
elapsed_time_chunk=134.829937
