[results]
loss=0.34505373
err=0.99983203
elapsed_time_chunk=64.706116
