[results]
loss=0.36572254
err=0.999779
elapsed_time_chunk=93.117001
