[results]
loss=0.085617915
err=0.9997583
elapsed_time_chunk=145.349644
