[results]
loss=0.086747006
err=0.99966437
elapsed_time_chunk=148.164037
