[results]
loss=0.08388308
err=0.99965996
elapsed_time_chunk=143.568081
