[results]
loss=0.08298386
err=0.99968576
elapsed_time_chunk=151.427423
