[results]
loss=0.08499006
err=0.99974835
elapsed_time_chunk=136.556700
