[results]
loss=0.08747333
err=0.9997454
elapsed_time_chunk=131.301670
