[results]
loss=0.08224049
err=0.99967235
elapsed_time_chunk=122.336942
