[results]
loss=0.083421
err=0.9997296
elapsed_time_chunk=151.416983
