[results]
loss=0.08792168
err=0.9997702
elapsed_time_chunk=149.842722
