[results]
loss=0.085872635
err=0.99969125
elapsed_time_chunk=143.648315
