[results]
loss=0.083504945
err=0.9997635
elapsed_time_chunk=136.577671
