[results]
loss=0.08440971
err=0.9996676
elapsed_time_chunk=153.514696
