[results]
loss=0.0855348
err=0.9998038
elapsed_time_chunk=135.831564
