[results]
loss=0.08436912
err=0.9997585
elapsed_time_chunk=136.892280
