[results]
loss=0.08246235
err=0.9996926
elapsed_time_chunk=134.988961
