[results]
loss=0.32498047
err=0.9997385
elapsed_time_chunk=140.814408
