[results]
loss=0.44105646
err=0.99988616
elapsed_time_chunk=53.365773
