[results]
loss=0.08519842
err=0.99973553
elapsed_time_chunk=148.748094
