[results]
loss=0.08357272
err=0.99966365
elapsed_time_chunk=138.105946
