[results]
loss=0.08593462
err=0.99976206
elapsed_time_chunk=157.142345
