[results]
loss=0.116063766
err=0.99984777
elapsed_time_chunk=54.600208
