[results]
loss=0.085304566
err=0.99965274
elapsed_time_chunk=147.383463
