[results]
loss=0.084707394
err=0.999696
elapsed_time_chunk=149.100159
