[results]
loss=0.083671056
err=0.9997091
elapsed_time_chunk=143.641746
