[results]
loss=0.08544949
err=0.99972814
elapsed_time_chunk=145.358893
