[results]
loss=0.084826864
err=0.99965966
elapsed_time_chunk=152.552790
