[results]
loss=0.08341875
err=0.9996923
elapsed_time_chunk=146.975830
