[results]
loss=0.08273358
err=0.9997487
elapsed_time_chunk=143.273827
