[results]
loss=0.08559242
err=0.99971086
elapsed_time_chunk=142.776606
