[results]
loss=0.08255229
err=0.99971575
elapsed_time_chunk=146.379390
