[results]
loss=0.08356374
err=0.99977577
elapsed_time_chunk=142.670438
