[results]
loss=0.08366749
err=0.99964607
elapsed_time_chunk=148.515212
