[results]
loss=0.083707325
err=0.9997308
elapsed_time_chunk=140.135096
