[results]
loss=0.08534408
err=0.9997076
elapsed_time_chunk=144.327391
