[results]
loss=0.085572585
err=0.99972206
elapsed_time_chunk=143.988210
