[results]
loss=0.08455488
err=0.9997403
elapsed_time_chunk=137.462649
