[results]
loss=0.08370526
err=0.9997549
elapsed_time_chunk=143.876840
