[results]
loss=0.08467412
err=0.9997412
elapsed_time_chunk=148.507793
