[results]
loss=3.7336695
err=0.99970144
elapsed_time_chunk=49.738322
