[results]
loss=0.34545678
err=0.9997684
elapsed_time_chunk=150.217766
