[results]
loss=0.08367922
err=0.99976367
elapsed_time_chunk=141.933737
