[results]
loss=0.084097445
err=0.99977833
elapsed_time_chunk=144.780671
