[results]
loss=0.085493356
err=0.9997043
elapsed_time_chunk=144.509459
