[results]
loss=0.08585642
err=0.9996655
elapsed_time_chunk=145.957180
