[results]
loss=0.08468451
err=0.9997394
elapsed_time_chunk=146.114573
