[results]
loss=0.08636944
err=0.99972993
elapsed_time_chunk=154.670386
