[results]
loss=0.0843356
err=0.9998015
elapsed_time_chunk=148.220741
