[results]
loss=0.0854093
err=0.99970293
elapsed_time_chunk=144.107898
