[results]
loss=0.08441241
err=0.99965996
elapsed_time_chunk=146.198288
