[results]
loss=0.08526356
err=0.9997518
elapsed_time_chunk=133.664324
