[results]
loss=0.08417848
err=0.99974465
elapsed_time_chunk=145.179394
