[results]
loss=0.08586712
err=0.9996535
elapsed_time_chunk=141.653453
