[results]
loss=0.63090885
err=0.99972373
elapsed_time_chunk=95.244140
