[results]
loss=0.08499882
err=0.99970704
elapsed_time_chunk=150.214280
