[results]
loss=0.52963156
err=0.99975765
elapsed_time_chunk=97.057804
