[results]
loss=0.6734968
err=0.99970406
elapsed_time_chunk=161.282579
