[results]
loss=0.9782988
err=0.99980605
elapsed_time_chunk=63.260234
