[results]
loss=0.08700195
err=0.9996011
elapsed_time_chunk=143.958499
