[results]
loss=0.083671845
err=0.99975544
elapsed_time_chunk=147.401122
