[results]
loss=0.08661041
err=0.9997251
elapsed_time_chunk=152.127152
