[results]
loss=0.08454325
err=0.99974567
elapsed_time_chunk=153.716861
