[results]
loss=0.37328497
err=0.9995729
elapsed_time_chunk=143.345595
