[results]
loss=1.6319071
err=0.99971575
elapsed_time_chunk=139.935849
