[results]
loss=0.39008826
err=0.9997712
elapsed_time_chunk=64.704672
