[results]
loss=0.08407247
err=0.9997092
elapsed_time_chunk=153.199509
