[results]
loss=0.08484543
err=0.99976957
elapsed_time_chunk=140.303678
