[results]
loss=0.08665403
err=0.9996757
elapsed_time_chunk=136.153023
