[results]
loss=0.087652616
err=0.9997845
elapsed_time_chunk=142.472831
