[results]
loss=0.08475832
err=0.99978405
elapsed_time_chunk=145.073357
