[results]
loss=0.08536062
err=0.9996475
elapsed_time_chunk=148.171806
