[results]
loss=0.085863195
err=0.99966854
elapsed_time_chunk=140.696311
