[results]
loss=0.12051508
err=0.9998642
elapsed_time_chunk=53.890769
