[results]
loss=0.08436336
err=0.99971426
elapsed_time_chunk=137.825296
