[results]
loss=0.08675825
err=0.9997327
elapsed_time_chunk=155.510128
