[results]
loss=0.08557279
err=0.99977076
elapsed_time_chunk=148.598084
