[results]
loss=0.120010585
err=0.9995813
elapsed_time_chunk=49.387754
