[results]
loss=0.08419284
err=0.9996869
elapsed_time_chunk=143.710484
