[results]
loss=0.36099276
err=0.99968493
elapsed_time_chunk=52.017939
