[results]
loss=0.0856175
err=0.9996513
elapsed_time_chunk=156.130182
