[results]
loss=0.086092256
err=0.99968493
elapsed_time_chunk=150.862792
