[results]
loss=0.08666111
err=0.99977344
elapsed_time_chunk=152.596780
