[results]
loss=0.08695557
err=0.9996407
elapsed_time_chunk=133.304866
