[results]
loss=0.08575325
err=0.99972254
elapsed_time_chunk=140.668977
