[results]
loss=0.084964536
err=0.99974805
elapsed_time_chunk=157.469205
