[results]
loss=0.69680804
err=0.9996874
elapsed_time_chunk=89.814826
