[results]
loss=0.08398016
err=0.9997425
elapsed_time_chunk=148.324486
