[results]
loss=0.08489579
err=0.9997406
elapsed_time_chunk=151.225813
