[results]
loss=0.08560852
err=0.9996992
elapsed_time_chunk=146.607901
