[results]
loss=0.08523289
err=0.9997177
elapsed_time_chunk=153.875270
