[results]
loss=0.08303647
err=0.9997264
elapsed_time_chunk=151.040689
