[results]
loss=0.084984295
err=0.9996779
elapsed_time_chunk=137.306677
