[results]
loss=0.08599455
err=0.99974126
elapsed_time_chunk=145.420336
