[results]
loss=0.085599914
err=0.99977475
elapsed_time_chunk=147.855006
