[results]
loss=0.08428929
err=0.99972045
elapsed_time_chunk=141.768295
