[results]
loss=0.08434373
err=0.99975157
elapsed_time_chunk=151.570721
