[results]
loss=0.0851613
err=0.999686
elapsed_time_chunk=149.083736
