[results]
loss=0.08526059
err=0.99965495
elapsed_time_chunk=153.549817
