[results]
loss=0.08748888
err=0.9996925
elapsed_time_chunk=137.778916
