[results]
loss=0.085369706
err=0.99970776
elapsed_time_chunk=141.949264
