[results]
loss=0.08362363
err=0.9997969
elapsed_time_chunk=142.894120
