[results]
loss=0.08432957
err=0.99978083
elapsed_time_chunk=148.105016
