[results]
loss=0.11926901
err=0.999809
elapsed_time_chunk=51.483258
