[results]
loss=0.08560207
err=0.9997444
elapsed_time_chunk=145.164367
