[results]
loss=0.38698843
err=0.99979395
elapsed_time_chunk=91.506329
