[results]
loss=0.086391516
err=0.9997538
elapsed_time_chunk=147.186399
