[results]
loss=0.084628604
err=0.99971455
elapsed_time_chunk=143.754052
