[results]
loss=0.087607235
err=0.99970835
elapsed_time_chunk=133.177444
