[results]
loss=0.085934296
err=0.999731
elapsed_time_chunk=143.659241
