[results]
loss=0.37479308
err=0.99980193
elapsed_time_chunk=63.914184
