[results]
loss=0.08542298
err=0.9996652
elapsed_time_chunk=131.407410
