[results]
loss=0.08554052
err=0.9997293
elapsed_time_chunk=148.401620
