[results]
loss=0.08537809
err=0.9998013
elapsed_time_chunk=152.143311
