[results]
loss=0.08448437
err=0.999714
elapsed_time_chunk=142.137447
