[results]
loss=0.087947205
err=0.9997752
elapsed_time_chunk=157.571765
