[results]
loss=0.08480483
err=0.99976826
elapsed_time_chunk=141.389225
