[results]
loss=0.08550214
err=0.9997425
elapsed_time_chunk=146.588729
