[results]
loss=0.08498718
err=0.9997065
elapsed_time_chunk=156.290200
