[results]
loss=0.6676323
err=0.9996415
elapsed_time_chunk=55.148267
