[results]
loss=0.08482884
err=0.9997225
elapsed_time_chunk=144.300858
