[results]
loss=0.08551536
err=0.9997751
elapsed_time_chunk=146.278599
