[results]
loss=0.084594965
err=0.99969405
elapsed_time_chunk=151.517894
