[results]
loss=0.087088525
err=0.9997456
elapsed_time_chunk=146.543036
