[results]
loss=0.0858396
err=0.9997535
elapsed_time_chunk=143.990652
