[results]
loss=0.08177578
err=0.9997411
elapsed_time_chunk=132.025360
