[results]
loss=0.0861469
err=0.9997205
elapsed_time_chunk=130.346806
