[results]
loss=0.08599122
err=0.99974066
elapsed_time_chunk=151.793593
