[results]
loss=0.083822064
err=0.9996947
elapsed_time_chunk=152.913504
