[results]
loss=0.08680879
err=0.9996504
elapsed_time_chunk=155.933716
