[results]
loss=0.08418653
err=0.9997293
elapsed_time_chunk=146.485492
