[results]
loss=0.085703686
err=0.99975574
elapsed_time_chunk=156.140694
