[results]
loss=0.34248427
err=0.99974376
elapsed_time_chunk=88.917459
