[results]
loss=0.51875734
err=0.9997536
elapsed_time_chunk=128.713813
