[results]
loss=0.082706906
err=0.999723
elapsed_time_chunk=136.168602
