[results]
loss=0.3689586
err=0.9996983
elapsed_time_chunk=94.226521
