[results]
loss=0.088684
err=0.9997106
elapsed_time_chunk=129.292379
