[results]
loss=0.08576656
err=0.99971926
elapsed_time_chunk=136.606420
