[results]
loss=0.0858837
err=0.9997262
elapsed_time_chunk=158.485068
