[results]
loss=0.6576843
err=0.99973243
elapsed_time_chunk=147.635085
