[results]
loss=0.082176924
err=0.9997105
elapsed_time_chunk=144.327791
