[results]
loss=0.084198326
err=0.99974006
elapsed_time_chunk=133.649420
