[results]
loss=0.0837976
err=0.9997135
elapsed_time_chunk=153.318927
