[results]
loss=0.084263965
err=0.99970627
elapsed_time_chunk=137.945612
