[results]
loss=0.085247576
err=0.9998556
elapsed_time_chunk=135.810942
