[results]
loss=0.086332835
err=0.9997282
elapsed_time_chunk=136.395555
