[results]
loss=0.08513924
err=0.99959576
elapsed_time_chunk=133.955156
