[results]
loss=0.11351142
err=0.99975747
elapsed_time_chunk=55.286196
