[results]
loss=0.082881115
err=0.99968183
elapsed_time_chunk=157.853795
