[results]
loss=0.08606018
err=0.99971586
elapsed_time_chunk=144.539294
