[results]
loss=0.08313657
err=0.99969643
elapsed_time_chunk=150.069440
