[results]
loss=0.08391778
err=0.9997431
elapsed_time_chunk=139.043426
