[results]
loss=1.1862911
err=0.99974114
elapsed_time_chunk=151.966383
