[results]
loss=0.6261994
err=0.99966955
elapsed_time_chunk=98.161719
