[results]
loss=0.086589344
err=0.9997765
elapsed_time_chunk=141.898822
