[results]
loss=0.33494413
err=0.99978673
elapsed_time_chunk=65.633253
