[results]
loss=0.085994616
err=0.99977666
elapsed_time_chunk=138.032580
