[results]
loss=0.08502287
err=0.9997167
elapsed_time_chunk=150.604613
