[results]
loss=0.62534696
err=0.9998129
elapsed_time_chunk=151.603194
