[results]
loss=0.62792605
err=0.9996955
elapsed_time_chunk=150.068400
