[results]
loss=0.08504115
err=0.9997749
elapsed_time_chunk=141.798483
