[results]
loss=2.7919707
err=0.99972665
elapsed_time_chunk=140.751604
