[results]
loss=0.0856938
err=0.99976635
elapsed_time_chunk=145.481886
