[results]
loss=0.08770254
err=0.9997358
elapsed_time_chunk=149.388834
