[results]
loss=0.085053906
err=0.9997688
elapsed_time_chunk=138.155143
