[results]
loss=1.7079538
err=0.9996876
elapsed_time_chunk=142.169420
