[results]
loss=0.08693972
err=0.9997189
elapsed_time_chunk=148.353687
