[results]
loss=0.085138194
err=0.9997598
elapsed_time_chunk=154.568820
