[results]
loss=0.08444489
err=0.99965894
elapsed_time_chunk=136.306955
