[results]
loss=0.08641947
err=0.9997488
elapsed_time_chunk=140.463368
