[results]
loss=0.08788889
err=0.99972016
elapsed_time_chunk=162.908622
