[results]
loss=0.084694386
err=0.99972624
elapsed_time_chunk=153.885267
