[results]
loss=0.08625238
err=0.9997285
elapsed_time_chunk=151.566191
