[results]
loss=0.08617255
err=0.9996913
elapsed_time_chunk=152.297482
