[results]
loss=0.08411229
err=0.99979633
elapsed_time_chunk=140.377405
