[results]
loss=0.083682895
err=0.9997472
elapsed_time_chunk=158.795681
