[results]
loss=0.08170994
err=0.9998121
elapsed_time_chunk=157.086486
