[results]
loss=0.084621646
err=0.9997017
elapsed_time_chunk=157.546142
