[results]
loss=0.0846317
err=0.999754
elapsed_time_chunk=145.386564
