[results]
loss=0.084820956
err=0.9998058
elapsed_time_chunk=142.182356
