[results]
loss=0.75107694
err=0.9998317
elapsed_time_chunk=64.951866
