[results]
loss=2.0306144
err=0.9997238
elapsed_time_chunk=150.385528
