[results]
loss=0.08675435
err=0.99970573
elapsed_time_chunk=146.564227
