[results]
loss=0.0850301
err=0.99972063
elapsed_time_chunk=146.282059
