[results]
loss=0.08321898
err=0.9997062
elapsed_time_chunk=143.326650
