[results]
loss=0.083598
err=0.9997179
elapsed_time_chunk=147.780715
