[results]
loss=0.3571478
err=0.99979097
elapsed_time_chunk=139.970994
