[results]
loss=0.08349293
err=0.99973786
elapsed_time_chunk=157.102219
