[results]
loss=0.0857228
err=0.99977684
elapsed_time_chunk=122.154079
