[results]
loss=0.3594282
err=0.9997603
elapsed_time_chunk=88.624616
