[results]
loss=0.08498439
err=0.99968946
elapsed_time_chunk=150.647455
