[results]
loss=0.0812756
err=0.99966383
elapsed_time_chunk=153.189698
