[results]
loss=0.37664947
err=0.99979746
elapsed_time_chunk=66.877183
