[results]
loss=1.0978082
err=0.9997006
elapsed_time_chunk=151.724118
