[results]
loss=0.08364806
err=0.9996677
elapsed_time_chunk=148.654675
