[results]
loss=0.08377115
err=0.9996626
elapsed_time_chunk=131.652245
