[results]
loss=0.08237384
err=0.99971783
elapsed_time_chunk=152.036088
