[results]
loss=0.0854527
err=0.9997473
elapsed_time_chunk=139.161361
