[results]
loss=0.0837222
err=0.9996982
elapsed_time_chunk=143.141204
