[results]
loss=0.65006125
err=0.99979705
elapsed_time_chunk=67.484812
