[results]
loss=0.08518933
err=0.99974483
elapsed_time_chunk=130.883598
