[results]
loss=0.08432238
err=0.9997448
elapsed_time_chunk=147.120621
