[results]
loss=0.08513019
err=0.9997939
elapsed_time_chunk=147.883320
