[results]
loss=0.0821809
err=0.9997047
elapsed_time_chunk=147.199786
