[results]
loss=0.08531021
err=0.9996582
elapsed_time_chunk=142.721942
