[results]
loss=0.082863875
err=0.99969405
elapsed_time_chunk=146.591948
