[results]
loss=0.08377099
err=0.9996917
elapsed_time_chunk=140.630435
