[results]
loss=0.08668617
err=0.99974316
elapsed_time_chunk=145.261950
