[results]
loss=0.084657066
err=0.99971294
elapsed_time_chunk=144.116265
