[results]
loss=0.3220426
err=0.9996874
elapsed_time_chunk=92.671865
