[results]
loss=0.08801669
err=0.9997278
elapsed_time_chunk=126.618439
