[results]
loss=0.08581513
err=0.99972624
elapsed_time_chunk=139.112143
