[results]
loss=0.4386497
err=0.99981403
elapsed_time_chunk=94.822462
