[results]
loss=0.0843581
err=0.9997465
elapsed_time_chunk=143.786728
