[results]
loss=0.084003404
err=0.9996871
elapsed_time_chunk=150.665841
