[results]
loss=0.08625927
err=0.9997919
elapsed_time_chunk=149.377662
