[results]
loss=0.08337745
err=0.99973714
elapsed_time_chunk=144.631636
