[results]
loss=0.0866094
err=0.9996844
elapsed_time_chunk=146.523767
