[results]
loss=0.08605046
err=0.999728
elapsed_time_chunk=143.575810
