[results]
loss=0.08252913
err=0.9997257
elapsed_time_chunk=143.787323
