[results]
loss=0.08524775
err=0.9996832
elapsed_time_chunk=148.455038
