[results]
loss=0.08503138
err=0.9996556
elapsed_time_chunk=143.787765
