[results]
loss=0.08460189
err=0.9996705
elapsed_time_chunk=145.100815
