[results]
loss=0.083953224
err=0.9997585
elapsed_time_chunk=145.851819
