[results]
loss=0.08494224
err=0.9996276
elapsed_time_chunk=145.614023
