[results]
loss=0.08580396
err=0.9997582
elapsed_time_chunk=127.628060
