[results]
loss=0.08579857
err=0.9997189
elapsed_time_chunk=143.025433
