[results]
loss=0.2916257
err=0.9997305
elapsed_time_chunk=151.207416
