[results]
loss=3.1072094
err=0.9996985
elapsed_time_chunk=146.034649
