[results]
loss=0.08438615
err=0.9997693
elapsed_time_chunk=150.713312
