[results]
loss=0.085654624
err=0.9997674
elapsed_time_chunk=152.609393
