[results]
loss=0.085612446
err=0.9997243
elapsed_time_chunk=153.653152
