[results]
loss=0.11995258
err=0.9996938
elapsed_time_chunk=53.289301
