[results]
loss=0.08558159
err=0.9997954
elapsed_time_chunk=142.458745
