[results]
loss=0.085298456
err=0.99969643
elapsed_time_chunk=149.811018
