[results]
loss=0.08567664
err=0.9998041
elapsed_time_chunk=140.449727
