[results]
loss=0.08511241
err=0.999608
elapsed_time_chunk=153.430382
