[results]
loss=0.086059906
err=0.9997054
elapsed_time_chunk=140.069869
