[results]
loss=0.08700707
err=0.99979925
elapsed_time_chunk=136.544242
