[results]
loss=0.08360463
err=0.99978787
elapsed_time_chunk=149.972092
