[results]
loss=0.08358934
err=0.9997728
elapsed_time_chunk=146.517543
