[results]
loss=0.08763174
err=0.99973416
elapsed_time_chunk=144.779440
