[results]
loss=0.9180788
err=0.99975663
elapsed_time_chunk=95.391583
