[results]
loss=5.2178435
err=0.9997395
elapsed_time_chunk=146.778099
