[results]
loss=0.086533904
err=0.99967647
elapsed_time_chunk=147.321347
