[results]
loss=0.08458193
err=0.99975556
elapsed_time_chunk=140.466467
