[results]
loss=0.08477372
err=0.99965394
elapsed_time_chunk=146.435598
