[results]
loss=0.86978173
err=0.99978983
elapsed_time_chunk=122.953205
