[results]
loss=0.084665634
err=0.9996519
elapsed_time_chunk=156.462080
