[results]
loss=0.084381066
err=0.9997127
elapsed_time_chunk=145.220344
