[results]
loss=0.3193587
err=0.99975103
elapsed_time_chunk=90.741839
