[results]
loss=0.08303177
err=0.99968755
elapsed_time_chunk=150.460179
