[results]
loss=0.66100806
err=0.99976707
elapsed_time_chunk=63.584671
