[results]
loss=0.3240449
err=0.9998507
elapsed_time_chunk=93.177486
