[results]
loss=0.08604302
err=0.9997725
elapsed_time_chunk=144.635010
