[results]
loss=0.083891355
err=0.9997094
elapsed_time_chunk=143.319577
