[results]
loss=0.08404266
err=0.9997053
elapsed_time_chunk=160.296498
