[results]
loss=0.08482066
err=0.99976766
elapsed_time_chunk=145.489422
