[results]
loss=0.08560473
err=0.9997298
elapsed_time_chunk=148.062018
