[results]
loss=0.08522563
err=0.9997322
elapsed_time_chunk=154.702430
