[results]
loss=0.084634
err=0.99970996
elapsed_time_chunk=151.852644
