[results]
loss=0.08769917
err=0.999766
elapsed_time_chunk=128.137873
