[results]
loss=0.08421396
err=0.99970406
elapsed_time_chunk=153.888684
