[results]
loss=0.08365709
err=0.9997752
elapsed_time_chunk=135.558670
