[results]
loss=0.08429243
err=0.9997219
elapsed_time_chunk=154.745856
