[results]
loss=0.0836712
err=0.99975914
elapsed_time_chunk=144.765391
