[results]
loss=0.08490511
err=0.9997431
elapsed_time_chunk=151.772845
