[results]
loss=0.3664438
err=0.99972034
elapsed_time_chunk=92.228996
