[results]
loss=0.08236476
err=0.99968874
elapsed_time_chunk=146.397114
