[results]
loss=0.08513636
err=0.9996933
elapsed_time_chunk=148.981383
