[results]
loss=0.29536983
err=0.99975216
elapsed_time_chunk=139.913801
