[results]
loss=0.08336577
err=0.99969023
elapsed_time_chunk=145.780938
