[results]
loss=0.09005748
err=0.99970776
elapsed_time_chunk=126.685040
