[results]
loss=0.35214406
err=0.99967456
elapsed_time_chunk=92.177984
