[results]
loss=0.08775606
err=0.9996834
elapsed_time_chunk=148.081534
