[results]
loss=0.0818976
err=0.9996475
elapsed_time_chunk=142.479074
