[results]
loss=0.45531404
err=0.9996225
elapsed_time_chunk=63.846963
