[results]
loss=0.08419231
err=0.9997014
elapsed_time_chunk=140.782174
