[results]
loss=0.37286428
err=0.9996994
elapsed_time_chunk=147.738584
