[results]
loss=0.08340338
err=0.9997055
elapsed_time_chunk=135.679974
