[results]
loss=0.08745096
err=0.9997066
elapsed_time_chunk=144.796889
