[results]
loss=1.046059
err=0.99972093
elapsed_time_chunk=150.706147
