[results]
loss=0.08366612
err=0.99973905
elapsed_time_chunk=146.106135
