[results]
loss=0.083469845
err=0.9996481
elapsed_time_chunk=138.542258
