[results]
loss=0.08412639
err=0.9997844
elapsed_time_chunk=141.025531
