[results]
loss=0.08634445
err=0.9996993
elapsed_time_chunk=152.805505
