[results]
loss=0.629074
err=0.9998395
elapsed_time_chunk=66.016156
