[results]
loss=0.08308156
err=0.9997041
elapsed_time_chunk=143.247737
