[results]
loss=0.08390546
err=0.9997246
elapsed_time_chunk=121.952425
