[results]
loss=0.08371804
err=0.9997018
elapsed_time_chunk=143.826889
