[results]
loss=0.08413521
err=0.9997074
elapsed_time_chunk=153.402093
