[results]
loss=0.085443564
err=0.9997429
elapsed_time_chunk=147.759731
