[results]
loss=0.084552184
err=0.9997001
elapsed_time_chunk=138.609267
