[results]
loss=0.08521566
err=0.99971324
elapsed_time_chunk=152.429370
