[results]
loss=0.085842684
err=0.99974096
elapsed_time_chunk=148.595353
