[results]
loss=0.47424066
err=0.9993039
elapsed_time_chunk=51.378308
