[results]
loss=0.08372466
err=0.9995713
elapsed_time_chunk=138.729269
