[results]
loss=0.08441227
err=0.9997607
elapsed_time_chunk=153.930921
