[results]
loss=0.08412744
err=0.999761
elapsed_time_chunk=142.062634
