[results]
loss=0.08649208
err=0.99967706
elapsed_time_chunk=143.880445
