[results]
loss=0.084789366
err=0.9997926
elapsed_time_chunk=146.010596
