[results]
loss=0.26302037
err=0.9997653
elapsed_time_chunk=129.035079
