[results]
loss=0.083954915
err=0.99976283
elapsed_time_chunk=141.140141
