[results]
loss=0.08502901
err=0.9997058
elapsed_time_chunk=153.483768
