[results]
loss=0.08289415
err=0.99964345
elapsed_time_chunk=144.222214
