[results]
loss=0.08506777
err=0.9997248
elapsed_time_chunk=153.429655
