[results]
loss=0.0824252
err=0.9997595
elapsed_time_chunk=149.304472
