[results]
loss=0.08413404
err=0.999742
elapsed_time_chunk=144.110342
