[results]
loss=0.08709854
err=0.9997669
elapsed_time_chunk=149.584123
