[results]
loss=0.08434195
err=0.9997292
elapsed_time_chunk=150.036511
