[results]
loss=0.08349053
err=0.9997866
elapsed_time_chunk=140.013155
