[results]
loss=0.084382236
err=0.99974436
elapsed_time_chunk=131.496407
