[results]
loss=0.31901756
err=0.9996877
elapsed_time_chunk=91.795845
