[results]
loss=2.5999892
err=0.99972576
elapsed_time_chunk=149.192206
