[results]
loss=0.08327031
err=0.9997778
elapsed_time_chunk=136.231805
