[results]
loss=0.08450613
err=0.99968654
elapsed_time_chunk=157.798999
