[results]
loss=0.086309105
err=0.99971884
elapsed_time_chunk=137.743147
