[results]
loss=0.08732742
err=0.99974936
elapsed_time_chunk=135.939431
