[results]
loss=0.083176896
err=0.999701
elapsed_time_chunk=147.599158
