[results]
loss=0.08465333
err=0.99975324
elapsed_time_chunk=145.475788
