[results]
loss=0.082436204
err=0.9997431
elapsed_time_chunk=143.874981
