[results]
loss=0.08550401
err=0.99975675
elapsed_time_chunk=143.485604
