[results]
loss=0.08630599
err=0.9996893
elapsed_time_chunk=147.835520
