[results]
loss=0.08402908
err=0.9997798
elapsed_time_chunk=144.443179
