[results]
loss=0.0871369
err=0.99972004
elapsed_time_chunk=164.786969
