[results]
loss=0.08529221
err=0.9997595
elapsed_time_chunk=146.756189
