[results]
loss=0.08497933
err=0.99973255
elapsed_time_chunk=154.371284
