[results]
loss=0.0861511
err=0.9997697
elapsed_time_chunk=123.045860
