[results]
loss=0.36267832
err=0.9997178
elapsed_time_chunk=98.606397
