[results]
loss=0.08412378
err=0.9997536
elapsed_time_chunk=139.530210
