[results]
loss=0.08411823
err=0.999795
elapsed_time_chunk=139.043941
