[results]
loss=0.084663175
err=0.9997682
elapsed_time_chunk=146.687236
