[results]
loss=0.08377663
err=0.9998268
elapsed_time_chunk=140.539452
