[results]
loss=0.08584965
err=0.9997123
elapsed_time_chunk=150.863635
