[results]
loss=0.08331337
err=0.9996806
elapsed_time_chunk=142.118645
