[results]
loss=0.08461047
err=0.99971783
elapsed_time_chunk=148.804195
