[results]
loss=0.08510207
err=0.9997567
elapsed_time_chunk=146.580960
