[results]
loss=0.085578024
err=0.99979347
elapsed_time_chunk=150.785231
