[results]
loss=0.08480577
err=0.9996838
elapsed_time_chunk=155.711098
