[results]
loss=0.08423065
err=0.99968445
elapsed_time_chunk=139.927763
