[results]
loss=0.08512755
err=0.99975175
elapsed_time_chunk=141.232386
