[results]
loss=0.08173943
err=0.999705
elapsed_time_chunk=143.427566
