[results]
loss=0.08542336
err=0.999692
elapsed_time_chunk=149.197506
