[results]
loss=0.086887695
err=0.9996715
elapsed_time_chunk=141.097165
