[results]
loss=0.08366107
err=0.9997671
elapsed_time_chunk=144.963177
