[results]
loss=0.0842646
err=0.9997358
elapsed_time_chunk=147.557240
