[results]
loss=0.08624351
err=0.9997419
elapsed_time_chunk=143.113159
