[results]
loss=0.086093
err=0.9997589
elapsed_time_chunk=129.686718
