[results]
loss=0.086567394
err=0.9997231
elapsed_time_chunk=144.512119
