[results]
loss=0.085305884
err=0.9996605
elapsed_time_chunk=141.878203
