[results]
loss=0.083628595
err=0.99971575
elapsed_time_chunk=146.329523
