[results]
loss=0.75509274
err=0.99980646
elapsed_time_chunk=152.525484
