[results]
loss=0.08604107
err=0.99974924
elapsed_time_chunk=143.772506
