[results]
loss=0.08409109
err=0.9997647
elapsed_time_chunk=144.706780
