[results]
loss=0.08472055
err=0.9997395
elapsed_time_chunk=142.825748
