[results]
loss=0.34914187
err=0.99972564
elapsed_time_chunk=157.399667
