[results]
loss=0.08374475
err=0.9997711
elapsed_time_chunk=148.593215
