[results]
loss=0.086324796
err=0.9997709
elapsed_time_chunk=143.569652
