[results]
loss=0.08826237
err=0.99970156
elapsed_time_chunk=137.662925
