[results]
loss=0.08287201
err=0.99963534
elapsed_time_chunk=154.651235
