[results]
loss=0.08415667
err=0.9997717
elapsed_time_chunk=142.619669
