[results]
loss=0.08682604
err=0.99973863
elapsed_time_chunk=146.375315
