[results]
loss=0.08373286
err=0.99963737
elapsed_time_chunk=144.454936
