[results]
loss=0.08644287
err=0.9997378
elapsed_time_chunk=145.622718
