[results]
loss=0.086043596
err=0.9997343
elapsed_time_chunk=142.485493
