[results]
loss=0.08455722
err=0.999764
elapsed_time_chunk=137.879719
