[results]
loss=0.9056612
err=0.9996179
elapsed_time_chunk=151.591825
