[results]
loss=0.08542483
err=0.99974525
elapsed_time_chunk=140.352255
