[results]
loss=0.082475305
err=0.9996911
elapsed_time_chunk=155.167059
