[results]
loss=0.08301285
err=0.99979085
elapsed_time_chunk=141.304341
