[results]
loss=0.08271616
err=0.99977016
elapsed_time_chunk=148.999255
