[results]
loss=0.4828157
err=0.9997726
elapsed_time_chunk=53.457215
