[results]
loss=0.7305738
err=0.99973047
elapsed_time_chunk=68.448857
