[results]
loss=0.08324469
err=0.99974954
elapsed_time_chunk=143.267045
