[results]
loss=0.34031788
err=0.99968976
elapsed_time_chunk=93.775008
