[results]
loss=0.084109396
err=0.9997549
elapsed_time_chunk=140.283402
