[results]
loss=0.08652861
err=0.99975294
elapsed_time_chunk=142.606570
