[results]
loss=1.4194111
err=0.99923384
elapsed_time_chunk=51.095366
