[results]
loss=0.08463982
err=0.9997065
elapsed_time_chunk=142.333046
