[results]
loss=0.70405525
err=0.99974823
elapsed_time_chunk=147.090229
