[results]
loss=1.2548827
err=0.99975777
elapsed_time_chunk=133.409200
