[results]
loss=0.62330043
err=0.9995178
elapsed_time_chunk=146.493008
