[results]
loss=0.08174631
err=0.9996995
elapsed_time_chunk=138.823772
