[results]
loss=0.08887913
err=0.9997954
elapsed_time_chunk=122.150613
