[results]
loss=0.08229504
err=0.9997003
elapsed_time_chunk=146.605702
