[results]
loss=0.084789634
err=0.99973416
elapsed_time_chunk=152.065189
