[results]
loss=0.49054962
err=0.9997733
elapsed_time_chunk=88.311872
