[results]
loss=0.08547425
err=0.9997699
elapsed_time_chunk=144.647224
