[results]
loss=0.11603304
err=0.9997706
elapsed_time_chunk=53.321701
