[results]
loss=0.33999348
err=0.9997793
elapsed_time_chunk=95.073601
