[results]
loss=0.08727269
err=0.99974877
elapsed_time_chunk=149.646467
