[results]
loss=0.64401126
err=0.99978656
elapsed_time_chunk=54.721106
