[results]
loss=0.08621656
err=0.9997737
elapsed_time_chunk=154.570506
