[results]
loss=0.38108435
err=0.9997595
elapsed_time_chunk=53.297245
