[results]
loss=0.08396065
err=0.9997219
elapsed_time_chunk=144.681504
