[results]
loss=0.08587821
err=0.9997985
elapsed_time_chunk=147.402171
