[results]
loss=0.08388847
err=0.99972683
elapsed_time_chunk=135.802575
