[results]
loss=0.08161773
err=0.99964774
elapsed_time_chunk=157.595630
