[results]
loss=0.08366719
err=0.99979174
elapsed_time_chunk=145.097962
