[results]
loss=0.082876615
err=0.9997602
elapsed_time_chunk=137.891738
