[results]
loss=0.35744715
err=0.99984425
elapsed_time_chunk=64.392566
