[results]
loss=0.08374863
err=0.99975187
elapsed_time_chunk=151.769063
