[results]
loss=0.08374829
err=0.99979305
elapsed_time_chunk=138.881255
