[results]
loss=0.0856204
err=0.9997638
elapsed_time_chunk=160.202269
