[results]
loss=0.08511862
err=0.99976623
elapsed_time_chunk=144.651612
