[results]
loss=0.084812246
err=0.9997168
elapsed_time_chunk=148.069825
