[results]
loss=0.084654324
err=0.99976623
elapsed_time_chunk=145.403582
