[results]
loss=0.08233383
err=0.9997305
elapsed_time_chunk=127.941892
