[results]
loss=0.08445897
err=0.99974334
elapsed_time_chunk=147.268059
