[results]
loss=0.084712
err=0.9996993
elapsed_time_chunk=167.855479
