[results]
loss=0.08516275
err=0.9997093
elapsed_time_chunk=144.670315
