[results]
loss=0.69702524
err=0.99872255
elapsed_time_chunk=55.039948
