[results]
loss=0.3207493
err=0.99976444
elapsed_time_chunk=93.947599
