[results]
loss=0.32626146
err=0.9988907
elapsed_time_chunk=91.184090
