[results]
loss=0.08724941
err=0.9995357
elapsed_time_chunk=148.687532
