[results]
loss=0.08414537
err=0.99971735
elapsed_time_chunk=152.860522
