[results]
loss=0.08099971
err=0.999738
elapsed_time_chunk=141.552518
