[results]
loss=0.083631314
err=0.9996952
elapsed_time_chunk=144.767722
