[results]
loss=0.08387787
err=0.9996984
elapsed_time_chunk=139.796872
