[results]
loss=0.08425234
err=0.99976826
elapsed_time_chunk=140.265787
