[results]
loss=0.086208835
err=0.99971944
elapsed_time_chunk=151.012720
