[results]
loss=0.08183188
err=0.9997465
elapsed_time_chunk=148.767009
