[results]
loss=0.08382719
err=0.9996727
elapsed_time_chunk=148.770743
