[results]
loss=0.08517036
err=0.9996985
elapsed_time_chunk=143.430218
