[results]
loss=0.08333816
err=0.9996863
elapsed_time_chunk=141.387932
