[results]
loss=0.083110705
err=0.9997182
elapsed_time_chunk=133.767426
