[results]
loss=0.08376636
err=0.9996918
elapsed_time_chunk=160.907964
