[results]
loss=0.08515658
err=0.99973255
elapsed_time_chunk=143.372463
