[results]
loss=0.085136525
err=0.9997717
elapsed_time_chunk=147.953959
