[results]
loss=0.08506977
err=0.99976915
elapsed_time_chunk=144.399530
