[results]
loss=0.3032676
err=0.9998084
elapsed_time_chunk=64.896691
