[results]
loss=0.08547523
err=0.9997615
elapsed_time_chunk=140.755635
