[results]
loss=0.8738468
err=0.9997315
elapsed_time_chunk=155.414802
