[results]
loss=0.08456025
err=0.9997236
elapsed_time_chunk=149.369158
