[results]
loss=0.36272174
err=0.9997693
elapsed_time_chunk=143.786459
