[results]
loss=0.08486627
err=0.99971074
elapsed_time_chunk=148.392095
