[results]
loss=0.08548825
err=0.9997215
elapsed_time_chunk=142.245631
