[results]
loss=0.40268368
err=0.9987516
elapsed_time_chunk=89.779716
