[results]
loss=0.08568575
err=0.9997662
elapsed_time_chunk=139.111330
