[results]
loss=0.08661052
err=0.99975187
elapsed_time_chunk=132.997360
