[results]
loss=0.08354137
err=0.9996979
elapsed_time_chunk=136.042097
