[results]
loss=0.082749404
err=0.9997619
elapsed_time_chunk=134.600899
