[results]
loss=0.08298518
err=0.99972713
elapsed_time_chunk=150.316777
