[results]
loss=0.083775856
err=0.99971795
elapsed_time_chunk=139.860778
