[results]
loss=0.08344317
err=0.99970037
elapsed_time_chunk=144.948818
