[results]
loss=1.3123094
err=0.99972564
elapsed_time_chunk=148.330938
