[results]
loss=0.08509821
err=0.9996634
elapsed_time_chunk=144.182660
