[results]
loss=0.08646039
err=0.9997352
elapsed_time_chunk=142.840167
