[results]
loss=0.0866508
err=0.9997465
elapsed_time_chunk=145.926902
