[results]
loss=0.08447136
err=0.99976206
elapsed_time_chunk=142.475055
