[results]
loss=0.08440369
err=0.99978924
elapsed_time_chunk=154.410339
