[results]
loss=0.08201613
err=0.999703
elapsed_time_chunk=136.539706
