[results]
loss=0.08356076
err=0.99967694
elapsed_time_chunk=146.323853
