[results]
loss=0.08639384
err=0.9997551
elapsed_time_chunk=147.474216
