[results]
loss=0.3822651
err=0.99969697
elapsed_time_chunk=92.986594
