[results]
loss=0.11343766
err=0.99967146
elapsed_time_chunk=55.950864
