[results]
loss=0.08592689
err=0.9997394
elapsed_time_chunk=150.297462
