[results]
loss=0.3677627
err=0.99970424
elapsed_time_chunk=90.989646
