[results]
loss=0.08596173
err=0.999713
elapsed_time_chunk=133.377120
