[results]
loss=0.08659331
err=0.9997269
elapsed_time_chunk=138.286239
