[results]
loss=0.34316346
err=0.99970734
elapsed_time_chunk=141.437093
