[results]
loss=0.08394795
err=0.9997607
elapsed_time_chunk=153.110883
