[results]
loss=1.5642394
err=0.9997235
elapsed_time_chunk=132.831411
