[results]
loss=0.08421513
err=0.99972
elapsed_time_chunk=156.520367
