[results]
loss=0.082844295
err=0.99965525
elapsed_time_chunk=151.067148
