[results]
loss=0.08544711
err=0.9996934
elapsed_time_chunk=151.720880
