[results]
loss=0.08620374
err=0.999763
elapsed_time_chunk=147.530249
