[results]
loss=0.08236171
err=0.99978137
elapsed_time_chunk=143.418713
