[results]
loss=0.083050616
err=0.999761
elapsed_time_chunk=147.845140
