[results]
loss=0.08355774
err=0.99973035
elapsed_time_chunk=147.453697
