[results]
loss=0.08348932
err=0.9996959
elapsed_time_chunk=146.914038
