[results]
loss=0.08422904
err=0.9997375
elapsed_time_chunk=145.642254
