[results]
loss=0.086609855
err=0.9997005
elapsed_time_chunk=138.695649
