[results]
loss=0.084183976
err=0.9997002
elapsed_time_chunk=147.573282
