[results]
loss=0.08839696
err=0.99975216
elapsed_time_chunk=137.501377
