[results]
loss=0.0846379
err=0.99969774
elapsed_time_chunk=136.222295
