[results]
loss=0.083157904
err=0.99977165
elapsed_time_chunk=142.490984
