[results]
loss=0.084543325
err=0.9997667
elapsed_time_chunk=136.431962
