[results]
loss=0.0838216
err=0.9996985
elapsed_time_chunk=152.225974
