[results]
loss=0.085019775
err=0.9996756
elapsed_time_chunk=152.526975
