[results]
loss=0.085796796
err=0.99978465
elapsed_time_chunk=139.013367
