[results]
loss=0.08359858
err=0.99972993
elapsed_time_chunk=147.878806
