[results]
loss=0.08314085
err=0.9997964
elapsed_time_chunk=145.892995
