[results]
loss=0.45783406
err=0.9995651
elapsed_time_chunk=51.151826
