[results]
loss=0.08285578
err=0.99972415
elapsed_time_chunk=154.191612
