[results]
loss=0.36498258
err=0.999819
elapsed_time_chunk=65.578880
