[results]
loss=0.08463456
err=0.99969417
elapsed_time_chunk=141.940339
