[results]
loss=0.085483976
err=0.99973166
elapsed_time_chunk=150.625220
