[results]
loss=0.08310332
err=0.9997623
elapsed_time_chunk=145.926935
