[results]
loss=6.52484
err=0.99971414
elapsed_time_chunk=135.903848
