[results]
loss=0.31845635
err=0.9997391
elapsed_time_chunk=91.995091
