[results]
loss=0.083640695
err=0.9997002
elapsed_time_chunk=151.109795
