[results]
loss=0.082814395
err=0.9997456
elapsed_time_chunk=137.222854
