[results]
loss=0.084392115
err=0.9997674
elapsed_time_chunk=142.449739
