[results]
loss=0.08327687
err=0.9997615
elapsed_time_chunk=139.421938
