[results]
loss=0.32021186
err=0.99971396
elapsed_time_chunk=143.875120
