[results]
loss=0.08665703
err=0.99968874
elapsed_time_chunk=143.994905
