[results]
loss=0.084297515
err=0.999748
elapsed_time_chunk=149.931178
