[results]
loss=0.3906925
err=0.99975926
elapsed_time_chunk=90.699337
