[results]
loss=0.08397921
err=0.9996926
elapsed_time_chunk=157.617242
