[results]
loss=0.08547587
err=0.99971384
elapsed_time_chunk=142.149417
