[results]
loss=0.36591095
err=0.99978167
elapsed_time_chunk=126.488646
