[results]
loss=0.08580888
err=0.9997535
elapsed_time_chunk=141.582896
