[results]
loss=0.090678394
err=0.99974185
elapsed_time_chunk=128.241548
