[results]
loss=0.17138617
err=0.9999636
elapsed_time_chunk=53.270226
