[results]
loss=0.38781488
err=0.99971884
elapsed_time_chunk=53.801687
