[results]
loss=0.44943163
err=0.9996729
elapsed_time_chunk=66.625920
