[results]
loss=0.08428963
err=0.9997284
elapsed_time_chunk=145.926710
