[results]
loss=0.083588645
err=0.99976295
elapsed_time_chunk=136.111005
