[results]
loss=0.084000364
err=0.99970216
elapsed_time_chunk=155.154922
