[results]
loss=0.083225474
err=0.9996833
elapsed_time_chunk=145.980669
