[results]
loss=0.0858521
err=0.99972063
elapsed_time_chunk=146.940485
