[results]
loss=0.08480625
err=0.9997027
elapsed_time_chunk=150.443870
