[results]
loss=0.082118414
err=0.9997295
elapsed_time_chunk=146.611862
