[results]
loss=0.08484592
err=0.9997543
elapsed_time_chunk=143.477368
