[results]
loss=0.08347532
err=0.99967676
elapsed_time_chunk=148.198858
