[results]
loss=0.08392423
err=0.99973834
elapsed_time_chunk=143.256943
