[results]
loss=0.08232943
err=0.99966604
elapsed_time_chunk=154.626483
