[results]
loss=0.086579755
err=0.9997077
elapsed_time_chunk=138.565021
