[results]
loss=0.08414621
err=0.99979794
elapsed_time_chunk=143.575475
