[results]
loss=0.08406689
err=0.99978614
elapsed_time_chunk=147.061771
