[results]
loss=1.7192822
err=0.99957305
elapsed_time_chunk=64.030246
