[results]
loss=0.086994015
err=0.9997405
elapsed_time_chunk=152.345426
