[results]
loss=0.084852785
err=0.99975103
elapsed_time_chunk=142.811480
