[results]
loss=0.085632674
err=0.99969274
elapsed_time_chunk=148.654183
