[results]
loss=0.08396413
err=0.9996255
elapsed_time_chunk=151.322152
