[results]
loss=0.08626059
err=0.99973005
elapsed_time_chunk=153.344715
