[results]
loss=0.33270326
err=0.9997261
elapsed_time_chunk=149.811915
