[results]
loss=0.084834024
err=0.9996172
elapsed_time_chunk=143.069163
