[results]
loss=0.08457474
err=0.99969935
elapsed_time_chunk=135.150288
