[results]
loss=0.087765776
err=0.9997325
elapsed_time_chunk=130.463633
