[results]
loss=0.08327479
err=0.99963737
elapsed_time_chunk=130.330189
