[results]
loss=0.08332463
err=0.9997266
elapsed_time_chunk=132.935635
