[results]
loss=0.6610938
err=0.99977165
elapsed_time_chunk=96.262756
