[results]
loss=0.40404424
err=0.99974173
elapsed_time_chunk=94.238596
