[results]
loss=0.34568214
err=0.99982446
elapsed_time_chunk=66.359773
