[results]
loss=0.086584225
err=0.9996923
elapsed_time_chunk=141.270079
