[results]
loss=0.08413181
err=0.99976915
elapsed_time_chunk=148.601429
