[results]
loss=0.085050285
err=0.9997928
elapsed_time_chunk=140.777301
