[results]
loss=0.08497772
err=0.99975574
elapsed_time_chunk=147.801461
