[results]
loss=0.08567076
err=0.99964494
elapsed_time_chunk=143.708189
