[results]
loss=0.7048306
err=0.99985886
elapsed_time_chunk=64.679586
