[results]
loss=0.086479776
err=0.99963355
elapsed_time_chunk=152.194089
