[results]
loss=0.088301346
err=0.99968064
elapsed_time_chunk=138.301172
