[results]
loss=0.3577341
err=0.99967533
elapsed_time_chunk=143.445660
