[results]
loss=0.08393696
err=0.9996194
elapsed_time_chunk=149.835116
