[results]
loss=0.082118556
err=0.9997029
elapsed_time_chunk=148.979924
