[results]
loss=0.08559964
err=0.99971485
elapsed_time_chunk=136.759917
