[results]
loss=0.08531647
err=0.99972284
elapsed_time_chunk=148.185171
