[results]
loss=0.088231765
err=0.9997302
elapsed_time_chunk=142.041540
