[results]
loss=0.08298693
err=0.99968886
elapsed_time_chunk=138.002709
