[results]
loss=0.36788118
err=0.9997899
elapsed_time_chunk=67.002361
