[results]
loss=0.32888493
err=0.9997974
elapsed_time_chunk=157.277533
