[results]
loss=0.084755644
err=0.99974626
elapsed_time_chunk=142.106092
