[results]
loss=0.085158855
err=0.99970853
elapsed_time_chunk=142.377771
