[results]
loss=0.627895
err=0.9996845
elapsed_time_chunk=87.436408
