[results]
loss=0.7648599
err=0.9997575
elapsed_time_chunk=132.560788
