[results]
loss=0.08482191
err=0.9996787
elapsed_time_chunk=146.143045
