[results]
loss=0.0878493
err=0.99981165
elapsed_time_chunk=152.143366
