[results]
loss=0.085878216
err=0.9996516
elapsed_time_chunk=154.607040
