[results]
loss=0.08629949
err=0.99979204
elapsed_time_chunk=143.793254
