[results]
loss=0.08447269
err=0.99966735
elapsed_time_chunk=142.464140
