[results]
loss=0.08306264
err=0.999667
elapsed_time_chunk=132.721629
