[results]
loss=0.08460774
err=0.9997286
elapsed_time_chunk=143.724915
