[results]
loss=0.08443432
err=0.9997523
elapsed_time_chunk=148.437876
