[results]
loss=0.08406935
err=0.99967337
elapsed_time_chunk=147.533242
