[results]
loss=0.097464345
err=0.9998275
elapsed_time_chunk=90.522884
