[results]
loss=0.918077
err=0.9997541
elapsed_time_chunk=130.156069
