[results]
loss=0.08267606
err=0.9997005
elapsed_time_chunk=139.626216
