[results]
loss=0.3630757
err=0.9998028
elapsed_time_chunk=65.308499
