[results]
loss=0.08500837
err=0.9997535
elapsed_time_chunk=143.307978
