[results]
loss=0.085264936
err=0.99973506
elapsed_time_chunk=154.690621
