[results]
loss=3.381454
err=0.99916124
elapsed_time_chunk=52.308064
