[results]
loss=0.37018138
err=0.999723
elapsed_time_chunk=147.176654
