[results]
loss=0.08526117
err=0.999686
elapsed_time_chunk=154.820651
