[results]
loss=0.08843541
err=0.99980694
elapsed_time_chunk=142.605980
