[results]
loss=0.08380063
err=0.99973917
elapsed_time_chunk=144.090161
