[results]
loss=0.08449789
err=0.9997684
elapsed_time_chunk=145.982024
