[results]
loss=0.08482469
err=0.9997379
elapsed_time_chunk=152.082230
