[results]
loss=0.48201886
err=0.9993438
elapsed_time_chunk=66.736640
