[results]
loss=0.08387495
err=0.99975836
elapsed_time_chunk=148.745911
