[results]
loss=0.0852346
err=0.9997273
elapsed_time_chunk=146.160196
