[results]
loss=0.08481227
err=0.9996633
elapsed_time_chunk=146.308000
