[results]
loss=0.086735055
err=0.99966645
elapsed_time_chunk=137.406217
