[results]
loss=0.08222179
err=0.99973905
elapsed_time_chunk=144.254184
