[results]
loss=0.08461756
err=0.9996831
elapsed_time_chunk=145.549847
