[results]
loss=0.34015286
err=0.9997511
elapsed_time_chunk=71.332334
