[results]
loss=0.08029521
err=0.9997838
elapsed_time_chunk=127.122025
