[results]
loss=0.08600851
err=0.99973124
elapsed_time_chunk=154.691100
