[results]
loss=0.3466475
err=0.99970376
elapsed_time_chunk=65.494943
