[results]
loss=0.0846251
err=0.9996962
elapsed_time_chunk=148.519421
