[results]
loss=0.08142605
err=0.9997488
elapsed_time_chunk=132.012480
