[results]
loss=0.083883636
err=0.9997105
elapsed_time_chunk=145.598556
