[results]
loss=0.08430273
err=0.9996933
elapsed_time_chunk=141.903621
