[results]
loss=0.082978725
err=0.9997032
elapsed_time_chunk=142.820867
