[results]
loss=1.492415
err=0.99967104
elapsed_time_chunk=138.404621
