[results]
loss=0.08648597
err=0.99969846
elapsed_time_chunk=149.538633
