[results]
loss=0.08443243
err=0.9997993
elapsed_time_chunk=135.419444
