[results]
loss=0.08418971
err=0.9997138
elapsed_time_chunk=149.638893
