[results]
loss=0.085465066
err=0.9997623
elapsed_time_chunk=144.479948
