[results]
loss=0.39132
err=0.99970037
elapsed_time_chunk=148.577799
