[results]
loss=0.08411245
err=0.999738
elapsed_time_chunk=142.124276
