[results]
loss=0.08490156
err=0.99980885
elapsed_time_chunk=134.169549
