[results]
loss=0.08138142
err=0.99968827
elapsed_time_chunk=148.260544
