[results]
loss=0.0831707
err=0.999728
elapsed_time_chunk=142.726614
