[results]
loss=0.08415814
err=0.99973994
elapsed_time_chunk=151.257040
