[results]
loss=0.80336636
err=0.99975103
elapsed_time_chunk=148.840601
