[results]
loss=0.085374236
err=0.99976796
elapsed_time_chunk=136.437992
