[results]
loss=0.08304258
err=0.9997308
elapsed_time_chunk=143.405733
