[results]
loss=0.08567967
err=0.9997479
elapsed_time_chunk=143.540173
