[results]
loss=0.08447883
err=0.99963593
elapsed_time_chunk=154.122885
