[results]
loss=0.08398697
err=0.99977267
elapsed_time_chunk=140.964260
