[results]
loss=0.086688474
err=0.99970704
elapsed_time_chunk=148.156355
