[results]
loss=0.27972224
err=0.9996427
elapsed_time_chunk=133.317607
