[results]
loss=0.30838475
err=0.99967194
elapsed_time_chunk=101.337072
