[results]
loss=1.1178862
err=0.9996656
elapsed_time_chunk=149.591350
