[results]
loss=0.3297488
err=0.99968207
elapsed_time_chunk=149.134048
