[results]
loss=0.08351383
err=0.99968547
elapsed_time_chunk=151.004730
