[results]
loss=0.083170146
err=0.9996662
elapsed_time_chunk=156.239747
