[results]
loss=0.11747467
err=0.9997473
elapsed_time_chunk=55.619900
