[results]
loss=0.084556274
err=0.9997339
elapsed_time_chunk=151.358348
