[results]
loss=0.08456803
err=0.9997756
elapsed_time_chunk=145.814515
