[results]
loss=1.8710637
err=0.9997708
elapsed_time_chunk=145.344102
