[results]
loss=0.08488221
err=0.9997136
elapsed_time_chunk=161.073914
