[results]
loss=0.085916854
err=0.9996815
elapsed_time_chunk=147.764306
