[results]
loss=0.08408916
err=0.9996767
elapsed_time_chunk=148.004072
