[results]
loss=0.39909607
err=0.9996171
elapsed_time_chunk=63.911780
