[results]
loss=0.083057836
err=0.99968255
elapsed_time_chunk=145.210292
