[results]
loss=0.08407388
err=0.99971086
elapsed_time_chunk=144.046767
