[results]
loss=0.082567185
err=0.99971485
elapsed_time_chunk=143.036960
