[results]
loss=0.084058784
err=0.9996935
elapsed_time_chunk=145.077194
