[results]
loss=0.5133663
err=0.9996706
elapsed_time_chunk=139.435502
