[results]
loss=0.0832118
err=0.99972326
elapsed_time_chunk=140.479985
