[results]
loss=0.08679446
err=0.99976003
elapsed_time_chunk=142.773362
