[results]
loss=0.29308394
err=0.99636674
elapsed_time_chunk=53.424321
