[results]
loss=0.08279749
err=0.99973917
elapsed_time_chunk=147.304438
