[results]
loss=0.086612105
err=0.9996646
elapsed_time_chunk=144.465748
