[results]
loss=0.40027767
err=0.9997553
elapsed_time_chunk=65.419252
