[results]
loss=0.08558676
err=0.9997651
elapsed_time_chunk=153.401006
