[results]
loss=0.082075305
err=0.9997508
elapsed_time_chunk=149.018457
