[results]
loss=0.083008274
err=0.99971974
elapsed_time_chunk=139.422213
