[results]
loss=0.08197322
err=0.9996904
elapsed_time_chunk=144.242158
