[results]
loss=0.08348614
err=0.9996537
elapsed_time_chunk=148.615094
