[results]
loss=0.08339265
err=0.9997517
elapsed_time_chunk=140.520150
