[results]
loss=0.08275941
err=0.9997351
elapsed_time_chunk=140.279274
