[results]
loss=0.085528195
err=0.9997827
elapsed_time_chunk=152.829615
