[results]
loss=0.08337494
err=0.9996984
elapsed_time_chunk=135.588376
