[results]
loss=1.5032426
err=0.9997105
elapsed_time_chunk=150.039360
