[results]
loss=0.08640875
err=0.99974465
elapsed_time_chunk=151.257974
