[results]
loss=0.08334354
err=0.9997791
elapsed_time_chunk=149.212040
