[results]
loss=0.08284764
err=0.9997624
elapsed_time_chunk=148.326223
