[results]
loss=0.08553842
err=0.99972165
elapsed_time_chunk=150.231812
