[results]
loss=0.0839652
err=0.9997652
elapsed_time_chunk=151.352760
