[results]
loss=0.08354698
err=0.9996021
elapsed_time_chunk=139.849363
