[results]
loss=0.08317954
err=0.9997772
elapsed_time_chunk=142.194228
