[results]
loss=0.085190065
err=0.999697
elapsed_time_chunk=134.537758
