[results]
loss=0.086086564
err=0.9997685
elapsed_time_chunk=144.208457
