[results]
loss=0.63876575
err=0.9997274
elapsed_time_chunk=64.483265
