[results]
loss=0.08342454
err=0.999727
elapsed_time_chunk=133.640798
