[results]
loss=0.08281863
err=0.999727
elapsed_time_chunk=141.258629
