[results]
loss=0.08570915
err=0.9997199
elapsed_time_chunk=140.726101
