[results]
loss=0.081948854
err=0.9996935
elapsed_time_chunk=145.555320
