[results]
loss=0.3974554
err=0.9996749
elapsed_time_chunk=54.195770
