[results]
loss=0.7416108
err=0.99976784
elapsed_time_chunk=64.312964
