[results]
loss=0.5275147
err=0.9997003
elapsed_time_chunk=158.856230
