[results]
loss=0.9471796
err=0.99969983
elapsed_time_chunk=143.562316
