[results]
loss=0.39019838
err=0.99977046
elapsed_time_chunk=91.785666
