[results]
loss=0.34215584
err=0.99975705
elapsed_time_chunk=93.273588
