[results]
loss=0.477692
err=0.9997854
elapsed_time_chunk=138.976769
