[results]
loss=0.35006517
err=0.99968743
elapsed_time_chunk=139.120288
