[results]
loss=1.5821614
err=0.99978685
elapsed_time_chunk=92.250837
