[results]
loss=0.08524309
err=0.9997252
elapsed_time_chunk=144.762436
