[results]
loss=0.085746504
err=0.9997456
elapsed_time_chunk=146.422102
