[results]
loss=0.08632453
err=0.9996359
elapsed_time_chunk=152.992247
