[results]
loss=0.08385623
err=0.99980783
elapsed_time_chunk=135.559096
