[results]
loss=0.084230036
err=0.9996848
elapsed_time_chunk=150.021017
