[results]
loss=0.7783072
err=0.99971914
elapsed_time_chunk=147.636308
