[results]
loss=0.085446194
err=0.9997128
elapsed_time_chunk=142.604807
