[results]
loss=0.34810272
err=0.99922824
elapsed_time_chunk=67.323915
