[results]
loss=0.81027246
err=0.9997506
elapsed_time_chunk=61.771886
