[results]
loss=0.08224512
err=0.99972165
elapsed_time_chunk=141.531503
