[results]
loss=0.0844867
err=0.9997599
elapsed_time_chunk=152.059500
