[results]
loss=0.08543863
err=0.99961174
elapsed_time_chunk=151.256603
