[results]
loss=0.08629566
err=0.9995383
elapsed_time_chunk=145.555444
