[results]
loss=0.084635265
err=0.99970543
elapsed_time_chunk=136.096051
