[results]
loss=0.08333797
err=0.9997353
elapsed_time_chunk=156.576317
