[results]
loss=0.083933495
err=0.9997476
elapsed_time_chunk=138.080873
