[results]
loss=0.3518733
err=0.9996998
elapsed_time_chunk=63.846842
