[results]
loss=0.08532692
err=0.9997552
elapsed_time_chunk=137.735729
