[results]
loss=0.08608095
err=0.99966544
elapsed_time_chunk=138.814835
