[results]
loss=0.08472471
err=0.99974304
elapsed_time_chunk=146.990693
