[results]
loss=0.08589575
err=0.99981016
elapsed_time_chunk=148.164461
