[results]
loss=0.085329935
err=0.99965256
elapsed_time_chunk=144.805083
