[results]
loss=0.08492863
err=0.9997737
elapsed_time_chunk=157.626726
