[results]
loss=0.083936244
err=0.99983835
elapsed_time_chunk=142.260191
