[results]
loss=0.08413224
err=0.9997251
elapsed_time_chunk=146.242604
