[results]
loss=0.08403943
err=0.9996584
elapsed_time_chunk=148.080567
