[results]
loss=0.08481587
err=0.99977756
elapsed_time_chunk=142.563131
