[results]
loss=0.08323351
err=0.9997212
elapsed_time_chunk=156.207692
