[results]
loss=0.47508305
err=0.9996861
elapsed_time_chunk=150.829660
