[results]
loss=0.08778611
err=0.9997179
elapsed_time_chunk=133.069832
