[results]
loss=0.08436567
err=0.9996828
elapsed_time_chunk=149.511806
