[results]
loss=0.08748508
err=0.9996852
elapsed_time_chunk=157.209223
