[results]
loss=0.08633029
err=0.9997429
elapsed_time_chunk=144.401218
