[results]
loss=0.08561904
err=0.9997261
elapsed_time_chunk=146.434839
