[results]
loss=0.35748056
err=0.99963754
elapsed_time_chunk=62.717492
