[results]
loss=0.08516396
err=0.9996804
elapsed_time_chunk=151.888651
