[results]
loss=0.083042204
err=0.9997707
elapsed_time_chunk=148.786520
