[results]
loss=0.08556568
err=0.9997444
elapsed_time_chunk=148.131790
