[results]
loss=0.08507031
err=0.9997106
elapsed_time_chunk=147.522870
