[results]
loss=0.6194179
err=0.9996325
elapsed_time_chunk=97.861400
