[results]
loss=0.08341048
err=0.99968165
elapsed_time_chunk=142.437004
