[results]
loss=0.08342351
err=0.99973303
elapsed_time_chunk=150.237320
