[results]
loss=0.72916645
err=0.9997911
elapsed_time_chunk=147.553532
