[results]
loss=0.32404318
err=0.9997253
elapsed_time_chunk=92.164545
