[results]
loss=0.08320287
err=0.9997622
elapsed_time_chunk=139.176119
