[results]
loss=0.086595014
err=0.9997091
elapsed_time_chunk=143.960355
