[results]
loss=0.0838446
err=0.99976134
elapsed_time_chunk=143.845949
