[results]
loss=0.08558168
err=0.99969214
elapsed_time_chunk=148.962098
