[results]
loss=0.4953533
err=0.99978006
elapsed_time_chunk=64.257730
