[results]
loss=0.086769365
err=0.99973565
elapsed_time_chunk=147.935472
