[results]
loss=0.08678138
err=0.9997445
elapsed_time_chunk=154.327884
