[results]
loss=0.08545479
err=0.99965936
elapsed_time_chunk=144.235746
