[results]
loss=0.08558135
err=0.9997248
elapsed_time_chunk=144.447594
