[results]
loss=0.08386
err=0.9997264
elapsed_time_chunk=145.193288
