[results]
loss=0.08664337
err=0.9997322
elapsed_time_chunk=143.782898
