[results]
loss=0.085172996
err=0.9997028
elapsed_time_chunk=140.013733
