[results]
loss=0.08706802
err=0.9997098
elapsed_time_chunk=145.578610
