[results]
loss=0.08602648
err=0.9997181
elapsed_time_chunk=150.880761
