[results]
loss=0.08590646
err=0.99976414
elapsed_time_chunk=147.720405
