[results]
loss=0.08656112
err=0.99973845
elapsed_time_chunk=160.054135
