[results]
loss=0.08513236
err=0.99974006
elapsed_time_chunk=132.755023
