[results]
loss=0.085161224
err=0.9997268
elapsed_time_chunk=143.893729
