[results]
loss=0.08720391
err=0.9998168
elapsed_time_chunk=153.226604
