[results]
loss=0.6140764
err=0.999729
elapsed_time_chunk=67.682966
