[results]
loss=0.12747481
err=0.9997866
elapsed_time_chunk=52.883726
