[results]
loss=0.082966946
err=0.99971974
elapsed_time_chunk=150.539583
