[results]
loss=0.08612755
err=0.9997031
elapsed_time_chunk=151.155859
