[results]
loss=0.08309092
err=0.9997542
elapsed_time_chunk=136.428932
