[results]
loss=0.085851654
err=0.99966824
elapsed_time_chunk=151.061965
