[results]
loss=0.2295394
err=0.99969834
elapsed_time_chunk=136.127919
