[results]
loss=0.32431296
err=0.9998024
elapsed_time_chunk=92.343606
