[results]
loss=0.3990578
err=0.99974674
elapsed_time_chunk=66.293586
