[results]
loss=0.084399454
err=0.9996948
elapsed_time_chunk=156.078984
