[results]
loss=0.08823039
err=0.99978054
elapsed_time_chunk=130.461413
