[results]
loss=0.086962044
err=0.9996906
elapsed_time_chunk=150.341271
