[results]
loss=0.08440944
err=0.9997853
elapsed_time_chunk=140.400267
