[results]
loss=0.08440288
err=0.99966043
elapsed_time_chunk=146.359976
