[results]
loss=0.086217046
err=0.9996868
elapsed_time_chunk=132.084297
