[results]
loss=0.08338241
err=0.99976534
elapsed_time_chunk=145.831260
