[results]
loss=0.08455954
err=0.99973166
elapsed_time_chunk=146.901360
