[results]
loss=0.086596385
err=0.9997579
elapsed_time_chunk=146.741329
