[results]
loss=0.117603585
err=0.99976456
elapsed_time_chunk=51.183272
