[results]
loss=0.083160125
err=0.999763
elapsed_time_chunk=149.475229
