[results]
loss=0.08477507
err=0.9997019
elapsed_time_chunk=141.188442
