[results]
loss=0.08506953
err=0.9996674
elapsed_time_chunk=139.829069
