[results]
loss=0.08700161
err=0.99980336
elapsed_time_chunk=144.163127
