[results]
loss=0.0832604
err=0.99973506
elapsed_time_chunk=143.305823
