[results]
loss=0.08466643
err=0.99971163
elapsed_time_chunk=146.858974
