[results]
loss=0.45820338
err=0.9997595
elapsed_time_chunk=143.778544
