[results]
loss=0.084295966
err=0.99971646
elapsed_time_chunk=151.513756
