[results]
loss=0.08355547
err=0.99976754
elapsed_time_chunk=141.044591
