[results]
loss=0.08414023
err=0.9997261
elapsed_time_chunk=152.784146
