[results]
loss=3.9191816
err=0.998022
elapsed_time_chunk=52.684242
