[results]
loss=0.08454529
err=0.9997261
elapsed_time_chunk=147.049526
