[results]
loss=0.085856296
err=0.99974346
elapsed_time_chunk=141.803221
