[results]
loss=0.08489927
err=0.9997565
elapsed_time_chunk=144.476671
