[results]
loss=0.08540344
err=0.999801
elapsed_time_chunk=142.930655
