[results]
loss=0.08355581
err=0.9997269
elapsed_time_chunk=146.418684
