[results]
loss=0.085191704
err=0.9996578
elapsed_time_chunk=142.461388
