[results]
loss=0.084063806
err=0.9995997
elapsed_time_chunk=153.242743
