[results]
loss=0.08445638
err=0.999784
elapsed_time_chunk=143.396148
