[results]
loss=0.08270869
err=0.9997331
elapsed_time_chunk=149.327531
