[results]
loss=0.08427696
err=0.99971837
elapsed_time_chunk=140.297689
