[results]
loss=0.08421343
err=0.9997543
elapsed_time_chunk=149.599987
