[results]
loss=1.9392583
err=0.99977994
elapsed_time_chunk=53.463772
