[results]
loss=0.084340826
err=0.9997772
elapsed_time_chunk=144.032210
