[results]
loss=0.08450686
err=0.99976474
elapsed_time_chunk=142.555748
