[results]
loss=1.173769
err=0.99963945
elapsed_time_chunk=143.894582
