[results]
loss=0.08599642
err=0.9997239
elapsed_time_chunk=144.548392
