[results]
loss=0.0838205
err=0.9997443
elapsed_time_chunk=143.205208
