[results]
loss=0.08618437
err=0.99973994
elapsed_time_chunk=154.293999
