[results]
loss=0.08422066
err=0.9997392
elapsed_time_chunk=155.120794
