[results]
loss=0.08274595
err=0.9997259
elapsed_time_chunk=149.739097
