[results]
loss=0.08470127
err=0.9996899
elapsed_time_chunk=151.136913
