[results]
loss=2.5527766
err=0.99978775
elapsed_time_chunk=135.882533
