[results]
loss=0.08474399
err=0.9997423
elapsed_time_chunk=151.141723
