[results]
loss=0.086739264
err=0.99967617
elapsed_time_chunk=141.702009
