[results]
loss=0.08645372
err=0.9997702
elapsed_time_chunk=147.122690
