[results]
loss=0.26658118
err=0.9992834
elapsed_time_chunk=67.386513
