[results]
loss=0.083195664
err=0.99972737
elapsed_time_chunk=153.873880
