[results]
loss=0.086757034
err=0.99970937
elapsed_time_chunk=131.824785
