[results]
loss=0.08303486
err=0.99975675
elapsed_time_chunk=149.311369
