[results]
loss=0.72500366
err=0.99975127
elapsed_time_chunk=144.548170
