[results]
loss=0.0872263
err=0.999738
elapsed_time_chunk=129.332391
