[results]
loss=0.084688805
err=0.9997502
elapsed_time_chunk=142.681796
