[results]
loss=0.37441513
err=0.99975234
elapsed_time_chunk=62.494552
