[results]
loss=0.08398139
err=0.9996787
elapsed_time_chunk=147.798498
