[results]
loss=0.084075585
err=0.999791
elapsed_time_chunk=133.031791
