[results]
loss=0.08488053
err=0.99969155
elapsed_time_chunk=149.184285
