[results]
loss=0.08622128
err=0.9997719
elapsed_time_chunk=147.385320
