[results]
loss=0.0855755
err=0.99975073
elapsed_time_chunk=140.492405
