[results]
loss=0.08281843
err=0.9996836
elapsed_time_chunk=154.401429
