[results]
loss=0.08685156
err=0.9997044
elapsed_time_chunk=145.049697
