[results]
loss=0.0849329
err=0.99964744
elapsed_time_chunk=151.783623
