[results]
loss=0.08535345
err=0.99973315
elapsed_time_chunk=155.079427
