[results]
loss=0.08571106
err=0.9997832
elapsed_time_chunk=153.745143
