[results]
loss=0.085467406
err=0.99969137
elapsed_time_chunk=153.657100
