[results]
loss=0.33862635
err=0.99972385
elapsed_time_chunk=153.230912
