[results]
loss=0.469838
err=0.9995359
elapsed_time_chunk=52.120288
