[results]
loss=0.9452983
err=0.99976766
elapsed_time_chunk=142.001739
