[results]
loss=0.3837322
err=0.9996539
elapsed_time_chunk=95.651115
