[results]
loss=0.088747956
err=0.99969596
elapsed_time_chunk=128.799678
