[results]
loss=0.08397772
err=0.9997103
elapsed_time_chunk=147.375333
