[results]
loss=0.9202281
err=0.99969536
elapsed_time_chunk=152.146897
