[results]
loss=0.08418278
err=0.99971616
elapsed_time_chunk=142.694443
