[results]
loss=0.08360156
err=0.9996911
elapsed_time_chunk=150.410288
