[results]
loss=0.0869517
err=0.9997238
elapsed_time_chunk=139.876711
