[results]
loss=0.08421909
err=0.9998178
elapsed_time_chunk=139.085585
