[results]
loss=0.083676554
err=0.9997653
elapsed_time_chunk=136.601790
