[results]
loss=0.35225135
err=0.9998058
elapsed_time_chunk=93.659641
