[results]
loss=0.083840124
err=0.9997843
elapsed_time_chunk=131.407641
