[results]
loss=0.087632
err=0.9997335
elapsed_time_chunk=144.548090
