[results]
loss=1.5592074
err=0.9996328
elapsed_time_chunk=145.254360
