[results]
loss=0.0840225
err=0.9996722
elapsed_time_chunk=138.207984
