[results]
loss=0.08287757
err=0.99963474
elapsed_time_chunk=147.805137
