[results]
loss=0.4452635
err=0.9996808
elapsed_time_chunk=86.710445
