[results]
loss=0.08162085
err=0.9997032
elapsed_time_chunk=133.436019
