[results]
loss=0.08466867
err=0.9997489
elapsed_time_chunk=140.372491
