[results]
loss=0.97783047
err=0.9997089
elapsed_time_chunk=147.324716
