[results]
loss=0.48904023
err=0.99972546
elapsed_time_chunk=128.612468
