[results]
loss=0.08207719
err=0.99971443
elapsed_time_chunk=144.718324
