[results]
loss=0.08420377
err=0.99969083
elapsed_time_chunk=157.156297
