[results]
loss=0.08493069
err=0.99972874
elapsed_time_chunk=144.469932
