[results]
loss=0.082772404
err=0.9997017
elapsed_time_chunk=146.856585
