[results]
loss=0.08565099
err=0.99975896
elapsed_time_chunk=151.324039
