[results]
loss=0.79245824
err=0.9997576
elapsed_time_chunk=144.269683
