[results]
loss=0.08366271
err=0.99972457
elapsed_time_chunk=148.533083
