[results]
loss=0.0865666
err=0.99973464
elapsed_time_chunk=148.984015
