[results]
loss=0.08527453
err=0.9997417
elapsed_time_chunk=139.285527
