[results]
loss=0.08298658
err=0.99981314
elapsed_time_chunk=150.881229
