[results]
loss=0.37227985
err=0.99979496
elapsed_time_chunk=66.005769
