[results]
loss=0.084048554
err=0.9997202
elapsed_time_chunk=145.217371
