[results]
loss=0.08172567
err=0.9997149
elapsed_time_chunk=133.112329
