[results]
loss=0.08236077
err=0.9997809
elapsed_time_chunk=149.435232
