[results]
loss=0.08479597
err=0.99973017
elapsed_time_chunk=157.071072
