[results]
loss=0.887189
err=0.99965125
elapsed_time_chunk=138.172477
