[results]
loss=0.08503512
err=0.9997237
elapsed_time_chunk=136.895473
