[results]
loss=0.329409
err=0.9994211
elapsed_time_chunk=54.758231
