[results]
loss=0.08418243
err=0.99973845
elapsed_time_chunk=139.107587
