[results]
loss=0.08527605
err=0.99971205
elapsed_time_chunk=138.863976
