[results]
loss=0.083937064
err=0.999743
elapsed_time_chunk=138.097656
