[results]
loss=0.08459892
err=0.9997174
elapsed_time_chunk=142.951256
