[results]
loss=0.08627376
err=0.99981534
elapsed_time_chunk=144.240289
