[results]
loss=0.08287157
err=0.99968314
elapsed_time_chunk=143.994002
