[results]
loss=0.08281687
err=0.9997007
elapsed_time_chunk=148.171983
