[results]
loss=0.08616894
err=0.99973315
elapsed_time_chunk=155.113013
