[results]
loss=0.0853538
err=0.99973917
elapsed_time_chunk=137.978362
