[results]
loss=0.08342009
err=0.9996956
elapsed_time_chunk=138.632838
