[results]
loss=0.7933735
err=0.9997521
elapsed_time_chunk=71.324980
