[results]
loss=0.08813788
err=0.9997636
elapsed_time_chunk=141.294659
