[results]
loss=0.08577911
err=0.999733
elapsed_time_chunk=145.099945
