[results]
loss=0.083918616
err=0.9997069
elapsed_time_chunk=140.055070
