[results]
loss=0.08665682
err=0.9996154
elapsed_time_chunk=152.588458
