[results]
loss=0.08378002
err=0.9996361
elapsed_time_chunk=157.730053
