[results]
loss=0.08339122
err=0.9996966
elapsed_time_chunk=151.128143
