[results]
loss=0.08820808
err=0.9997501
elapsed_time_chunk=144.047828
