[results]
loss=0.08639741
err=0.99975854
elapsed_time_chunk=157.265278
