[results]
loss=0.08550565
err=0.99967545
elapsed_time_chunk=145.047814
