[results]
loss=0.65901387
err=0.9997425
elapsed_time_chunk=150.575032
