[results]
loss=0.0851503
err=0.99972934
elapsed_time_chunk=149.763167
