[results]
loss=0.0841061
err=0.9997077
elapsed_time_chunk=138.724595
