[results]
loss=0.086283945
err=0.99974996
elapsed_time_chunk=151.135619
