[results]
loss=0.08441556
err=0.99976456
elapsed_time_chunk=147.159044
