[results]
loss=0.6631859
err=0.9997576
elapsed_time_chunk=153.459293
