[results]
loss=0.08608052
err=0.9997007
elapsed_time_chunk=144.353221
