[results]
loss=0.08693849
err=0.9997829
elapsed_time_chunk=144.645903
