[results]
loss=0.087874554
err=0.9998116
elapsed_time_chunk=127.515228
