[results]
loss=0.08513059
err=0.999777
elapsed_time_chunk=146.939863
