[results]
loss=0.08087562
err=0.9996948
elapsed_time_chunk=137.385824
