[results]
loss=0.08488281
err=0.9997029
elapsed_time_chunk=151.970540
