[results]
loss=0.085362956
err=0.99964947
elapsed_time_chunk=147.578600
