[results]
loss=1.0965662
err=0.9997433
elapsed_time_chunk=145.906915
