[results]
loss=0.08416787
err=0.9997542
elapsed_time_chunk=155.191362
