[results]
loss=0.08483293
err=0.9997005
elapsed_time_chunk=155.948937
