[results]
loss=0.08396026
err=0.9997219
elapsed_time_chunk=148.809735
