[results]
loss=0.08266621
err=0.9997505
elapsed_time_chunk=137.436278
