[results]
loss=0.08284033
err=0.9997092
elapsed_time_chunk=142.080612
