[results]
loss=0.08606509
err=0.999741
elapsed_time_chunk=147.361496
