[results]
loss=0.084888585
err=0.9997146
elapsed_time_chunk=137.302932
