[results]
loss=0.08377321
err=0.99968576
elapsed_time_chunk=145.035846
