[results]
loss=0.3514385
err=0.99975145
elapsed_time_chunk=153.444896
