[results]
loss=0.086447895
err=0.99974895
elapsed_time_chunk=157.703469
