[results]
loss=0.084625386
err=0.9997237
elapsed_time_chunk=149.050238
