[results]
loss=0.085256666
err=0.999709
elapsed_time_chunk=148.525522
