[results]
loss=0.08467883
err=0.99968326
elapsed_time_chunk=143.720224
