[results]
loss=0.08370052
err=0.9997136
elapsed_time_chunk=151.565517
