[results]
loss=0.08504411
err=0.9996938
elapsed_time_chunk=150.636625
