[results]
loss=0.08559804
err=0.99969757
elapsed_time_chunk=155.467911
