[results]
loss=0.087386034
err=0.99965817
elapsed_time_chunk=156.266716
