[results]
loss=0.08661554
err=0.99970424
elapsed_time_chunk=150.727288
