[results]
loss=0.41551948
err=0.99949884
elapsed_time_chunk=63.768174
