[results]
loss=0.38000864
err=0.99977684
elapsed_time_chunk=65.606106
