[results]
loss=0.31388232
err=0.9997863
elapsed_time_chunk=57.031802
