[results]
loss=0.08568952
err=0.99964046
elapsed_time_chunk=138.114934
