[results]
loss=0.08801576
err=0.99973124
elapsed_time_chunk=127.021666
