[results]
loss=0.12963815
err=0.99988514
elapsed_time_chunk=55.198779
