[results]
loss=0.3903697
err=0.9997599
elapsed_time_chunk=89.222541
