[results]
loss=0.08369313
err=0.9996595
elapsed_time_chunk=129.632770
