[results]
loss=0.08416733
err=0.99967086
elapsed_time_chunk=153.631381
