[results]
loss=0.082537085
err=0.999709
elapsed_time_chunk=149.561426
