[results]
loss=0.08369337
err=0.99976754
elapsed_time_chunk=142.069365
