[results]
loss=0.08330575
err=0.9997367
elapsed_time_chunk=143.822043
