[results]
loss=0.084940486
err=0.99965924
elapsed_time_chunk=156.018489
