[results]
loss=0.082911186
err=0.9996777
elapsed_time_chunk=140.813523
