[results]
loss=0.08411878
err=0.9997425
elapsed_time_chunk=140.762835
