[results]
loss=0.08433051
err=0.99971044
elapsed_time_chunk=138.646055
