[results]
loss=0.12380965
err=0.9997563
elapsed_time_chunk=54.244183
