[results]
loss=0.082297705
err=0.9998051
elapsed_time_chunk=140.446364
