[results]
loss=0.37527162
err=0.9997275
elapsed_time_chunk=148.871119
