[results]
loss=0.08358472
err=0.99972403
elapsed_time_chunk=144.214243
