[results]
loss=0.083418205
err=0.99964815
elapsed_time_chunk=146.496248
