[results]
loss=2.5975688
err=0.9997575
elapsed_time_chunk=147.313031
