[results]
loss=0.08413731
err=0.9997322
elapsed_time_chunk=141.411709
