[results]
loss=0.40177414
err=0.9997421
elapsed_time_chunk=65.527424
