[results]
loss=0.083341666
err=0.99972165
elapsed_time_chunk=149.305389
