[results]
loss=0.08494324
err=0.9997646
elapsed_time_chunk=126.493354
