[results]
loss=0.08500955
err=0.99974495
elapsed_time_chunk=156.582041
