[results]
loss=0.34201497
err=0.9997075
elapsed_time_chunk=88.563160
