[results]
loss=0.08211111
err=0.99969614
elapsed_time_chunk=147.353564
