[results]
loss=0.0842796
err=0.99975467
elapsed_time_chunk=135.966569
