[results]
loss=0.08589615
err=0.99977005
elapsed_time_chunk=138.339147
