[results]
loss=0.28802946
err=0.9997625
elapsed_time_chunk=129.898102
