[results]
loss=0.35866347
err=0.99971336
elapsed_time_chunk=52.618531
