[results]
loss=0.3331511
err=0.99967813
elapsed_time_chunk=138.091684
