[results]
loss=0.08299466
err=0.9997205
elapsed_time_chunk=140.342425
