[results]
loss=0.0856422
err=0.99967486
elapsed_time_chunk=143.681107
