[results]
loss=0.083878145
err=0.9996671
elapsed_time_chunk=143.538094
