[results]
loss=0.08296067
err=0.9996908
elapsed_time_chunk=142.751133
