[results]
loss=0.085531585
err=0.9997362
elapsed_time_chunk=153.587236
