[results]
loss=0.08258941
err=0.9997208
elapsed_time_chunk=153.402701
