[results]
loss=0.31384683
err=0.99967724
elapsed_time_chunk=69.147576
