[results]
loss=0.08337383
err=0.9996957
elapsed_time_chunk=142.210443
