[results]
loss=0.085210055
err=0.9997654
elapsed_time_chunk=152.351128
