[results]
loss=0.08518843
err=0.99970317
elapsed_time_chunk=148.483667
