[results]
loss=0.08438246
err=0.9997236
elapsed_time_chunk=148.731052
