[results]
loss=0.082902715
err=0.9997094
elapsed_time_chunk=154.760142
