[results]
loss=0.084249094
err=0.99969226
elapsed_time_chunk=159.953485
