[results]
loss=0.08670067
err=0.99972314
elapsed_time_chunk=124.673655
