[results]
loss=0.85788804
err=0.9997223
elapsed_time_chunk=150.808020
