[results]
loss=0.084232904
err=0.9996606
elapsed_time_chunk=151.678364
