[results]
loss=0.08501368
err=0.99972093
elapsed_time_chunk=141.866978
