[results]
loss=0.08540712
err=0.99979734
elapsed_time_chunk=139.177322
