[results]
loss=0.08348435
err=0.9996788
elapsed_time_chunk=139.792083
