[results]
loss=0.084903605
err=0.9997335
elapsed_time_chunk=155.248718
