[results]
loss=0.32224354
err=0.9996715
elapsed_time_chunk=54.303222
