[results]
loss=0.08441718
err=0.99975234
elapsed_time_chunk=141.436733
