[results]
loss=0.30077514
err=0.99977785
elapsed_time_chunk=52.641641
