[results]
loss=0.08778
err=0.99971455
elapsed_time_chunk=144.358830
