[results]
loss=0.087700166
err=0.9997648
elapsed_time_chunk=150.487399
