[results]
loss=0.0862607
err=0.9997543
elapsed_time_chunk=149.684327
