[results]
loss=0.08517939
err=0.9997389
elapsed_time_chunk=148.841020
