[results]
loss=0.08589026
err=0.99973524
elapsed_time_chunk=148.426201
