[results]
loss=0.08409517
err=0.99969536
elapsed_time_chunk=138.501134
