[results]
loss=0.08717715
err=0.99972945
elapsed_time_chunk=144.371277
