[results]
loss=0.08574203
err=0.99968535
elapsed_time_chunk=146.861457
