[results]
loss=0.3095732
err=0.9997124
elapsed_time_chunk=152.595302
