[results]
loss=0.36588597
err=0.999696
elapsed_time_chunk=97.069003
