[results]
loss=0.08533323
err=0.9997399
elapsed_time_chunk=153.987965
