[results]
loss=0.08469254
err=0.99979424
elapsed_time_chunk=143.196858
