[results]
loss=0.084362514
err=0.99979556
elapsed_time_chunk=141.761231
