[results]
loss=0.085298374
err=0.9997798
elapsed_time_chunk=148.059542
