[results]
loss=1.0189842
err=0.9997517
elapsed_time_chunk=141.305204
