[results]
loss=0.08369912
err=0.9997127
elapsed_time_chunk=148.062801
