[results]
loss=0.085870326
err=0.99973565
elapsed_time_chunk=144.887086
