[results]
loss=0.083367795
err=0.99970365
elapsed_time_chunk=149.672939
