[results]
loss=0.31825903
err=0.99968576
elapsed_time_chunk=68.115571
