[results]
loss=0.0859302
err=0.99979097
elapsed_time_chunk=126.194816
