[results]
loss=0.084981225
err=0.99976873
elapsed_time_chunk=139.950003
