[results]
loss=0.08561339
err=0.9997583
elapsed_time_chunk=154.974915
