[results]
loss=0.086057514
err=0.99973834
elapsed_time_chunk=144.701484
