[results]
loss=0.08326741
err=0.9996927
elapsed_time_chunk=154.545031
