[results]
loss=0.08551882
err=0.99970245
elapsed_time_chunk=141.677014
