[results]
loss=0.084557034
err=0.9997519
elapsed_time_chunk=151.929062
