[results]
loss=0.35629326
err=0.9988983
elapsed_time_chunk=52.530869
