[results]
loss=0.0850772
err=0.99975497
elapsed_time_chunk=148.067942
