[results]
loss=0.08259705
err=0.9997506
elapsed_time_chunk=152.877706
