[results]
loss=0.08505238
err=0.9997999
elapsed_time_chunk=141.706626
