[results]
loss=0.08543325
err=0.99969983
elapsed_time_chunk=150.048627
