[results]
loss=0.08489469
err=0.9997757
elapsed_time_chunk=149.362721
