[results]
loss=0.08561288
err=0.99966997
elapsed_time_chunk=146.033934
