[results]
loss=0.32498196
err=0.9997705
elapsed_time_chunk=66.744503
