[results]
loss=0.083977245
err=0.99971366
elapsed_time_chunk=144.784096
