[results]
loss=0.08545211
err=0.99969697
elapsed_time_chunk=156.374428
