[results]
loss=0.084001645
err=0.9996603
elapsed_time_chunk=143.164675
