[results]
loss=0.08504254
err=0.9997987
elapsed_time_chunk=146.816774
