[results]
loss=0.08328705
err=0.999778
elapsed_time_chunk=140.505582
