[results]
loss=0.086606115
err=0.99966663
elapsed_time_chunk=148.446526
