[results]
loss=0.08422087
err=0.9997125
elapsed_time_chunk=144.651956
