[results]
loss=0.08537939
err=0.99970454
elapsed_time_chunk=145.339804
