[results]
loss=0.08216111
err=0.9997752
elapsed_time_chunk=136.190009
