[results]
loss=0.08502941
err=0.9997073
elapsed_time_chunk=151.542353
