[results]
loss=0.3466946
err=0.9997955
elapsed_time_chunk=50.668622
