[results]
loss=0.08636391
err=0.9996023
elapsed_time_chunk=144.684910
