[results]
loss=0.082579695
err=0.9997323
elapsed_time_chunk=150.180351
