[results]
loss=0.0849115
err=0.9997655
elapsed_time_chunk=155.242919
