[results]
loss=0.08507192
err=0.99969506
elapsed_time_chunk=146.818315
