[results]
loss=0.33615217
err=0.9996948
elapsed_time_chunk=94.433862
