[results]
loss=0.08403491
err=0.99969834
elapsed_time_chunk=149.460334
