[results]
loss=0.08591811
err=0.99968976
elapsed_time_chunk=152.846605
