[results]
loss=0.08352087
err=0.9997398
elapsed_time_chunk=155.050932
