[results]
loss=0.11409622
err=0.9998374
elapsed_time_chunk=51.496097
