[results]
loss=0.56972474
err=0.9997831
elapsed_time_chunk=64.568183
