[results]
loss=0.08593121
err=0.9997535
elapsed_time_chunk=141.987975
