[results]
loss=0.26426706
err=0.9995333
elapsed_time_chunk=92.203853
