[results]
loss=0.08488837
err=0.9997518
elapsed_time_chunk=136.687039
