[results]
loss=0.084348954
err=0.9997336
elapsed_time_chunk=135.022993
