[results]
loss=0.08674734
err=0.9997444
elapsed_time_chunk=153.627584
