[results]
loss=0.084426686
err=0.99965644
elapsed_time_chunk=157.240853
