[results]
loss=0.086110026
err=0.9997425
elapsed_time_chunk=155.021834
