[results]
loss=0.8388565
err=0.9996556
elapsed_time_chunk=156.872435
