[results]
loss=0.08392689
err=0.9997395
elapsed_time_chunk=144.899701
