[results]
loss=0.08613537
err=0.9997503
elapsed_time_chunk=127.017302
