[results]
loss=0.083610214
err=0.99964494
elapsed_time_chunk=148.325746
