[results]
loss=0.08368552
err=0.99973494
elapsed_time_chunk=147.507960
