[results]
loss=0.08601924
err=0.99969155
elapsed_time_chunk=143.478641
