[results]
loss=0.08549706
err=0.9997725
elapsed_time_chunk=155.278841
