[results]
loss=0.08396668
err=0.9997176
elapsed_time_chunk=137.400116
