[results]
loss=0.4100372
err=0.9997661
elapsed_time_chunk=87.572630
