[results]
loss=0.08508429
err=0.9997777
elapsed_time_chunk=153.262224
