[results]
loss=0.08572
err=0.99973285
elapsed_time_chunk=151.361092
