[results]
loss=0.083919175
err=0.9997143
elapsed_time_chunk=150.118183
