[results]
loss=0.08783725
err=0.99975944
elapsed_time_chunk=149.088907
