[results]
loss=1.1858411
err=0.9996549
elapsed_time_chunk=160.164858
