[results]
loss=0.6650994
err=0.99968696
elapsed_time_chunk=144.770643
