[results]
loss=0.08444928
err=0.99975574
elapsed_time_chunk=151.507893
