[results]
loss=0.083808236
err=0.99968195
elapsed_time_chunk=146.188978
