[results]
loss=0.0839721
err=0.9997248
elapsed_time_chunk=145.968813
