[results]
loss=0.08872505
err=0.99974155
elapsed_time_chunk=124.933738
