[results]
loss=0.08431044
err=0.99973404
elapsed_time_chunk=146.373020
