[results]
loss=0.40700167
err=0.99971634
elapsed_time_chunk=97.679342
