[results]
loss=0.0864835
err=0.9997465
elapsed_time_chunk=149.989279
