[results]
loss=0.08270824
err=0.99972457
elapsed_time_chunk=143.684598
