[results]
loss=0.08608417
err=0.99976444
elapsed_time_chunk=149.609627
