[results]
loss=0.08835275
err=0.9997302
elapsed_time_chunk=132.914888
