[results]
loss=0.12435067
err=0.9997362
elapsed_time_chunk=53.050215
