[results]
loss=0.08325188
err=0.9996935
elapsed_time_chunk=150.819536
