[results]
loss=0.08353294
err=0.99966496
elapsed_time_chunk=137.289670
