[results]
loss=0.0865827
err=0.99978346
elapsed_time_chunk=148.870441
