[results]
loss=0.084468685
err=0.9997405
elapsed_time_chunk=144.911638
