[results]
loss=0.08600064
err=0.99974304
elapsed_time_chunk=145.410917
