[results]
loss=0.086770795
err=0.99975
elapsed_time_chunk=136.544147
