[results]
loss=0.08389242
err=0.9997331
elapsed_time_chunk=147.159990
