[results]
loss=0.08558105
err=0.9997256
elapsed_time_chunk=150.637109
