[results]
loss=0.36766306
err=0.99978423
elapsed_time_chunk=64.735155
