[results]
loss=0.08293848
err=0.9997683
elapsed_time_chunk=145.875032
