[results]
loss=0.08554071
err=0.9996954
elapsed_time_chunk=135.015607
