[results]
loss=0.12167766
err=0.9997199
elapsed_time_chunk=55.873971
