[results]
loss=1.039985
err=0.9997088
elapsed_time_chunk=146.261411
