[results]
loss=0.08356916
err=0.99976844
elapsed_time_chunk=151.354986
