[results]
loss=0.08679865
err=0.99974334
elapsed_time_chunk=145.114701
