[results]
loss=0.41004705
err=0.999765
elapsed_time_chunk=96.944137
