[results]
loss=0.36832917
err=0.99979854
elapsed_time_chunk=89.784058
