[results]
loss=0.084783904
err=0.9997489
elapsed_time_chunk=139.950893
