[results]
loss=0.086103335
err=0.9997464
elapsed_time_chunk=144.344885
