[results]
loss=0.085777044
err=0.99973875
elapsed_time_chunk=144.074901
