[results]
loss=0.08643309
err=0.9996671
elapsed_time_chunk=143.944092
