[results]
loss=0.08489729
err=0.999777
elapsed_time_chunk=147.940269
