[results]
loss=0.08423668
err=0.9997539
elapsed_time_chunk=138.006339
