[results]
loss=0.6600199
err=0.9996176
elapsed_time_chunk=64.278007
