[results]
loss=0.08309258
err=0.99977076
elapsed_time_chunk=148.129130
