[results]
loss=0.08504582
err=0.9997332
elapsed_time_chunk=143.342035
