[results]
loss=0.084062286
err=0.9997545
elapsed_time_chunk=128.685997
