[results]
loss=0.0856078
err=0.99972636
elapsed_time_chunk=151.079355
