[results]
loss=0.08306997
err=0.9997603
elapsed_time_chunk=145.471465
