[results]
loss=0.08645682
err=0.9996871
elapsed_time_chunk=146.945165
