[results]
loss=0.08521174
err=0.99973243
elapsed_time_chunk=144.307141
