[results]
loss=0.08378176
err=0.9997063
elapsed_time_chunk=142.136834
