[results]
loss=0.0850091
err=0.9997347
elapsed_time_chunk=153.049918
