[results]
loss=0.0849176
err=0.99973124
elapsed_time_chunk=146.780282
