[results]
loss=0.08739045
err=0.9997367
elapsed_time_chunk=144.576584
