[results]
loss=0.08342301
err=0.99967945
elapsed_time_chunk=144.370852
