[results]
loss=0.085246965
err=0.99970376
elapsed_time_chunk=145.078905
