[results]
loss=0.085282154
err=0.99971086
elapsed_time_chunk=138.362795
