[results]
loss=0.084402055
err=0.9997468
elapsed_time_chunk=141.742657
