[results]
loss=0.08323727
err=0.99966246
elapsed_time_chunk=138.807349
