[results]
loss=0.08347095
err=0.9997174
elapsed_time_chunk=161.254364
