[results]
loss=0.08372291
err=0.9997368
elapsed_time_chunk=143.437799
