[results]
loss=0.11069987
err=0.9996413
elapsed_time_chunk=53.693334
