[results]
loss=0.08511651
err=0.9996629
elapsed_time_chunk=146.883088
