[results]
loss=0.08573272
err=0.9997649
elapsed_time_chunk=139.891182
