[results]
loss=0.08800482
err=0.99969536
elapsed_time_chunk=146.621410
