[results]
loss=0.084816575
err=0.9997466
elapsed_time_chunk=143.673427
