[results]
loss=0.08647284
err=0.99971634
elapsed_time_chunk=137.536833
