[results]
loss=0.08597819
err=0.99969524
elapsed_time_chunk=147.980131
