[results]
loss=0.08272403
err=0.9997459
elapsed_time_chunk=135.477125
