[results]
loss=0.084925644
err=0.9997559
elapsed_time_chunk=150.493693
