[results]
loss=0.7317388
err=0.99971503
elapsed_time_chunk=148.887435
