[results]
loss=0.087211065
err=0.9996839
elapsed_time_chunk=157.362920
