[results]
loss=0.84225893
err=0.9997422
elapsed_time_chunk=149.376282
