[results]
loss=0.082958676
err=0.9997077
elapsed_time_chunk=144.683251
