[results]
loss=0.086013645
err=0.99966097
elapsed_time_chunk=146.761287
