[results]
loss=0.085685395
err=0.9997782
elapsed_time_chunk=140.694539
