[results]
loss=0.086830154
err=0.99967545
elapsed_time_chunk=152.686976
