[results]
loss=0.084721915
err=0.9997291
elapsed_time_chunk=146.894603
