[results]
loss=0.08392146
err=0.99979293
elapsed_time_chunk=149.114949
