[results]
loss=0.08792918
err=0.9997365
elapsed_time_chunk=148.984732
