[results]
loss=0.9629221
err=0.9996746
elapsed_time_chunk=150.591968
