[results]
loss=0.08605963
err=0.99977434
elapsed_time_chunk=148.692639
