[results]
loss=0.08306818
err=0.9997078
elapsed_time_chunk=148.330003
