[results]
loss=0.085883744
err=0.9997213
elapsed_time_chunk=141.763852
