[results]
loss=0.08530316
err=0.9997554
elapsed_time_chunk=124.920092
