[results]
loss=0.08301417
err=0.99974155
elapsed_time_chunk=146.426799
