[results]
loss=0.08524453
err=0.9996608
elapsed_time_chunk=137.919816
