[results]
loss=0.08764977
err=0.999795
elapsed_time_chunk=150.849286
