[results]
loss=0.08662251
err=0.99967194
elapsed_time_chunk=144.480998
