[results]
loss=0.08590043
err=0.99962735
elapsed_time_chunk=144.667832
