[results]
loss=6.1479535
err=0.9997709
elapsed_time_chunk=146.283587
