[results]
loss=0.086798385
err=0.99974287
elapsed_time_chunk=143.196475
