[results]
loss=0.08503466
err=0.9997435
elapsed_time_chunk=141.666155
