[results]
loss=0.08632417
err=0.99979657
elapsed_time_chunk=156.582784
