[results]
loss=0.08446757
err=0.9997081
elapsed_time_chunk=144.732731
