[results]
loss=0.2702464
err=0.9996571
elapsed_time_chunk=125.197559
