[results]
loss=3.5456378
err=0.99968725
elapsed_time_chunk=152.098264
