[results]
loss=0.08336553
err=0.9996665
elapsed_time_chunk=145.609108
