[results]
loss=0.08674968
err=0.9997264
elapsed_time_chunk=149.777204
