[results]
loss=0.085741356
err=0.99970543
elapsed_time_chunk=154.534354
