[results]
loss=1.0180178
err=0.9995158
elapsed_time_chunk=51.801907
