[results]
loss=0.39000157
err=0.9997029
elapsed_time_chunk=66.374412
