[results]
loss=0.08747956
err=0.9997076
elapsed_time_chunk=146.418761
