[results]
loss=0.08567853
err=0.9997208
elapsed_time_chunk=140.676620
