[results]
loss=0.08240872
err=0.9996969
elapsed_time_chunk=144.633901
