[results]
loss=0.08539998
err=0.9997728
elapsed_time_chunk=143.451312
