[results]
loss=0.08627951
err=0.9997128
elapsed_time_chunk=142.043882
