[results]
loss=0.08510749
err=0.9997322
elapsed_time_chunk=136.340636
