[results]
loss=0.08490445
err=0.9997323
elapsed_time_chunk=148.308231
