[results]
loss=0.08715389
err=0.99975944
elapsed_time_chunk=144.352196
