[results]
loss=1.1149541
err=0.99966854
elapsed_time_chunk=150.967768
