[results]
loss=0.0884049
err=0.9997022
elapsed_time_chunk=144.225619
