[results]
loss=0.08560438
err=0.9997665
elapsed_time_chunk=142.467547
