[results]
loss=0.081782535
err=0.99971086
elapsed_time_chunk=148.968933
