[results]
loss=0.08315466
err=0.9997319
elapsed_time_chunk=142.168896
