[results]
loss=0.08320839
err=0.9997579
elapsed_time_chunk=147.952654
