[results]
loss=0.085275106
err=0.9997888
elapsed_time_chunk=147.116251
