[results]
loss=0.08479697
err=0.9997111
elapsed_time_chunk=142.252146
