[results]
loss=0.50362813
err=0.9997645
elapsed_time_chunk=131.951195
