[results]
loss=0.084703356
err=0.9997142
elapsed_time_chunk=128.472896
