[results]
loss=0.08457733
err=0.9997043
elapsed_time_chunk=140.555835
