[results]
loss=0.08439922
err=0.9997334
elapsed_time_chunk=149.855607
