[results]
loss=0.08346739
err=0.9997202
elapsed_time_chunk=142.031779
