[results]
loss=1.0678177
err=0.999708
elapsed_time_chunk=140.737441
