[results]
loss=0.087168396
err=0.99967086
elapsed_time_chunk=137.116560
