[results]
loss=0.08383512
err=0.99972194
elapsed_time_chunk=148.747088
