[results]
loss=0.08187211
err=0.9997029
elapsed_time_chunk=141.965596
