[results]
loss=0.08392147
err=0.9996598
elapsed_time_chunk=149.989744
