[results]
loss=0.08622059
err=0.9997576
elapsed_time_chunk=150.065299
