[results]
loss=0.08148625
err=0.9996848
elapsed_time_chunk=149.176252
