[results]
loss=0.08400963
err=0.9996766
elapsed_time_chunk=142.445646
