[results]
loss=0.08158542
err=0.99971324
elapsed_time_chunk=136.600082
