[results]
loss=2.2323914
err=0.99974036
elapsed_time_chunk=143.542916
