[results]
loss=0.08614943
err=0.9997587
elapsed_time_chunk=133.499648
