[results]
loss=0.08468915
err=0.9996425
elapsed_time_chunk=142.935322
