[results]
loss=0.08600129
err=0.99976283
elapsed_time_chunk=151.530095
