[results]
loss=0.08527616
err=0.99977773
elapsed_time_chunk=155.824648
