[results]
loss=0.08293215
err=0.9997193
elapsed_time_chunk=151.242643
