[results]
loss=0.08370884
err=0.9997407
elapsed_time_chunk=145.641531
