[results]
loss=0.74428445
err=0.99964374
elapsed_time_chunk=135.781922
