[results]
loss=0.08589546
err=0.9997687
elapsed_time_chunk=154.464628
