[results]
loss=0.08577914
err=0.999731
elapsed_time_chunk=149.911903
