[results]
loss=0.085372716
err=0.9997601
elapsed_time_chunk=143.528437
