[results]
loss=0.08412246
err=0.99966496
elapsed_time_chunk=148.480944
