[results]
loss=0.08821657
err=0.99973524
elapsed_time_chunk=153.551590
