[results]
loss=0.08423015
err=0.9997618
elapsed_time_chunk=153.522250
