[results]
loss=0.08690917
err=0.99970216
elapsed_time_chunk=143.935648
