[results]
loss=0.08310801
err=0.9997347
elapsed_time_chunk=139.327029
