[results]
loss=0.08526675
err=0.9997194
elapsed_time_chunk=139.521014
