[results]
loss=0.5120665
err=0.9997811
elapsed_time_chunk=90.627126
