[results]
loss=0.085081525
err=0.99969864
elapsed_time_chunk=149.877183
