[results]
loss=0.08466428
err=0.9997876
elapsed_time_chunk=146.738587
