[results]
loss=0.42261603
err=0.9997146
elapsed_time_chunk=52.658686
