[results]
loss=0.8819341
err=0.99973583
elapsed_time_chunk=144.880382
