[results]
loss=0.7735162
err=0.99968785
elapsed_time_chunk=65.084479
