[results]
loss=0.08537111
err=0.99975985
elapsed_time_chunk=145.491049
