[results]
loss=0.085801885
err=0.9997864
elapsed_time_chunk=154.468779
