[results]
loss=0.11902115
err=0.9997709
elapsed_time_chunk=53.321735
