[results]
loss=0.087974586
err=0.9996967
elapsed_time_chunk=141.504000
