[results]
loss=0.34570414
err=0.9997573
elapsed_time_chunk=69.288629
