[results]
loss=0.0869156
err=0.9996838
elapsed_time_chunk=145.296928
