[results]
loss=0.08395899
err=0.99974716
elapsed_time_chunk=147.716076
