[results]
loss=1.0147074
err=0.99969983
elapsed_time_chunk=142.041514
