[results]
loss=0.0877403
err=0.9997744
elapsed_time_chunk=145.649729
