[results]
loss=0.08525465
err=0.9997231
elapsed_time_chunk=153.278174
