[results]
loss=0.08425639
err=0.999675
elapsed_time_chunk=144.854323
