[results]
loss=0.08439397
err=0.9997077
elapsed_time_chunk=148.478216
