[results]
loss=0.9996617
err=0.9995625
elapsed_time_chunk=146.495137
