[results]
loss=0.08178435
err=0.99970996
elapsed_time_chunk=134.359397
