[results]
loss=1.0991014
err=0.9997833
elapsed_time_chunk=140.569523
