[results]
loss=0.08484673
err=0.99972093
elapsed_time_chunk=137.689183
