[results]
loss=0.08567979
err=0.99972785
elapsed_time_chunk=140.641353
