[results]
loss=0.4586479
err=0.99876255
elapsed_time_chunk=53.336069
