[results]
loss=0.08305545
err=0.99976164
elapsed_time_chunk=139.242216
