[results]
loss=0.08527692
err=0.99980515
elapsed_time_chunk=146.433995
