[results]
loss=0.08348839
err=0.9997072
elapsed_time_chunk=148.142653
