[results]
loss=0.082675636
err=0.9997272
elapsed_time_chunk=139.961291
