[results]
loss=0.35098946
err=0.99981505
elapsed_time_chunk=66.749713
