[results]
loss=0.083449714
err=0.9997314
elapsed_time_chunk=141.579788
