[results]
loss=0.084257774
err=0.99973756
elapsed_time_chunk=140.112319
