[results]
loss=0.086061105
err=0.99975944
elapsed_time_chunk=143.673954
