[results]
loss=0.08499399
err=0.999732
elapsed_time_chunk=145.260665
