[results]
loss=0.11117877
err=0.9997469
elapsed_time_chunk=55.285381
