[results]
loss=0.9747843
err=0.999709
elapsed_time_chunk=155.860162
