[results]
loss=0.08266098
err=0.9997349
elapsed_time_chunk=144.080414
