[results]
loss=0.088167995
err=0.9996873
elapsed_time_chunk=132.942721
