[results]
loss=0.31793123
err=0.9996119
elapsed_time_chunk=90.928588
