[results]
loss=0.37648913
err=0.9993734
elapsed_time_chunk=64.540538
