[results]
loss=0.0845462
err=0.9997778
elapsed_time_chunk=144.804123
