[results]
loss=0.08627879
err=0.9997335
elapsed_time_chunk=153.121402
