[results]
loss=0.08376507
err=0.9997733
elapsed_time_chunk=146.615251
