[results]
loss=0.13075382
err=0.9999338
elapsed_time_chunk=54.021725
