[results]
loss=0.3073909
err=0.99977183
elapsed_time_chunk=91.430138
