[results]
loss=0.08357431
err=0.9997441
elapsed_time_chunk=140.984538
