[results]
loss=0.082874976
err=0.99975
elapsed_time_chunk=143.130775
