[results]
loss=0.9145475
err=0.9997547
elapsed_time_chunk=152.624241
