[results]
loss=0.08472723
err=0.99977666
elapsed_time_chunk=144.480672
