[results]
loss=0.085174754
err=0.9997293
elapsed_time_chunk=151.207919
