[results]
loss=0.33732337
err=0.9995811
elapsed_time_chunk=65.311935
