[results]
loss=0.08368463
err=0.99967104
elapsed_time_chunk=142.598196
