[results]
loss=0.082920656
err=0.9997007
elapsed_time_chunk=135.490866
