[results]
loss=0.08360698
err=0.9997143
elapsed_time_chunk=145.358590
