[results]
loss=0.08325307
err=0.99972427
elapsed_time_chunk=148.664327
