[results]
loss=0.08418951
err=0.9998118
elapsed_time_chunk=139.023268
