[results]
loss=0.3816217
err=0.9991657
elapsed_time_chunk=53.359336
