[results]
loss=0.08649762
err=0.9997675
elapsed_time_chunk=133.403717
