[results]
loss=0.084022075
err=0.9997405
elapsed_time_chunk=152.323582
