[results]
loss=0.94277346
err=0.99969536
elapsed_time_chunk=142.053351
