[results]
loss=0.08393683
err=0.9996983
elapsed_time_chunk=138.419103
