[results]
loss=0.084342524
err=0.9997145
elapsed_time_chunk=146.103158
