[results]
loss=0.3710537
err=0.99965143
elapsed_time_chunk=92.869121
