[results]
loss=0.08501025
err=0.9997476
elapsed_time_chunk=142.150515
