[results]
loss=0.086402655
err=0.99977255
elapsed_time_chunk=138.028476
