[results]
loss=0.084864385
err=0.99973756
elapsed_time_chunk=139.882330
