[results]
loss=0.086302504
err=0.9997432
elapsed_time_chunk=142.544261
