[results]
loss=0.08355941
err=0.99973667
elapsed_time_chunk=136.445111
