[results]
loss=0.08558975
err=0.9997494
elapsed_time_chunk=147.015676
