[results]
loss=0.08521831
err=0.9996671
elapsed_time_chunk=150.085769
