[results]
loss=0.08368753
err=0.9997754
elapsed_time_chunk=145.013540
