[results]
loss=0.08526877
err=0.99970776
elapsed_time_chunk=157.282030
