[results]
loss=0.08302456
err=0.99959004
elapsed_time_chunk=143.974859
