[results]
loss=1.0270331
err=0.99978894
elapsed_time_chunk=142.631866
