[results]
loss=0.0858863
err=0.9997493
elapsed_time_chunk=144.763476
