[results]
loss=0.084034644
err=0.9997289
elapsed_time_chunk=140.371815
