[results]
loss=0.13970676
err=0.99996996
elapsed_time_chunk=53.847941
