[results]
loss=0.08477442
err=0.9997684
elapsed_time_chunk=142.579941
