[results]
loss=0.08592978
err=0.9996744
elapsed_time_chunk=146.606759
