[results]
loss=0.08505621
err=0.999795
elapsed_time_chunk=136.721042
