[results]
loss=0.083660394
err=0.9997682
elapsed_time_chunk=143.287041
