[results]
loss=0.086135946
err=0.9995843
elapsed_time_chunk=154.492548
