[results]
loss=0.086153366
err=0.99973786
elapsed_time_chunk=153.007093
