[results]
loss=0.08478084
err=0.9997006
elapsed_time_chunk=147.055082
