[results]
loss=0.086188674
err=0.9997551
elapsed_time_chunk=141.364961
