[results]
loss=0.08588643
err=0.9996914
elapsed_time_chunk=141.247660
