[results]
loss=0.08676423
err=0.99970996
elapsed_time_chunk=147.155315
