[results]
loss=0.08598112
err=0.99965763
elapsed_time_chunk=155.019387
