[results]
loss=0.3473242
err=0.9996916
elapsed_time_chunk=92.046097
