[results]
loss=0.0857334
err=0.9997241
elapsed_time_chunk=160.750736
