[results]
loss=0.08555997
err=0.99977535
elapsed_time_chunk=142.690515
