[results]
loss=0.39024916
err=0.9997865
elapsed_time_chunk=152.127413
