[results]
loss=0.08339476
err=0.9996844
elapsed_time_chunk=146.685913
