[results]
loss=0.08626786
err=0.99972767
elapsed_time_chunk=151.703454
