[results]
loss=0.085068926
err=0.9996258
elapsed_time_chunk=145.298230
