[results]
loss=0.08609975
err=0.9997798
elapsed_time_chunk=141.696254
