[results]
loss=0.08716049
err=0.99976796
elapsed_time_chunk=149.747356
