[results]
loss=0.08483395
err=0.99976283
elapsed_time_chunk=147.764689
