[results]
loss=0.77386564
err=0.9997234
elapsed_time_chunk=144.926984
