[results]
loss=0.08572696
err=0.999665
elapsed_time_chunk=149.782149
