[results]
loss=0.084682666
err=0.999661
elapsed_time_chunk=142.925671
