[results]
loss=0.08401502
err=0.9997506
elapsed_time_chunk=138.898517
