[results]
loss=0.08666576
err=0.99973124
elapsed_time_chunk=159.211570
