[results]
loss=0.2897876
err=0.9997503
elapsed_time_chunk=92.754343
