[results]
loss=0.48590404
err=0.9997356
elapsed_time_chunk=135.001543
