[results]
loss=0.08447297
err=0.99973756
elapsed_time_chunk=152.629781
