[results]
loss=0.2974178
err=0.99972594
elapsed_time_chunk=90.439058
