[results]
loss=0.085825264
err=0.9997056
elapsed_time_chunk=145.851388
