[results]
loss=0.57697195
err=0.9997813
elapsed_time_chunk=143.022740
