[results]
loss=0.091028385
err=0.9996926
elapsed_time_chunk=140.631079
