[results]
loss=0.086552545
err=0.9996725
elapsed_time_chunk=152.057381
