[results]
loss=0.082128055
err=0.99977124
elapsed_time_chunk=141.855972
