[results]
loss=0.51591325
err=0.9997712
elapsed_time_chunk=94.480154
