[results]
loss=0.0851777
err=0.99967587
elapsed_time_chunk=144.767220
