[results]
loss=0.08490571
err=0.9996947
elapsed_time_chunk=137.188266
