[results]
loss=0.08408274
err=0.9997141
elapsed_time_chunk=141.258826
