[results]
loss=0.08241477
err=0.9996891
elapsed_time_chunk=142.532390
