[results]
loss=0.0855867
err=0.99968505
elapsed_time_chunk=147.319817
