[results]
loss=0.08471721
err=0.99974185
elapsed_time_chunk=152.564468
