[results]
loss=0.08448809
err=0.9996814
elapsed_time_chunk=147.844305
