[results]
loss=0.08564667
err=0.99964625
elapsed_time_chunk=154.277709
