[results]
loss=0.08593239
err=0.9998148
elapsed_time_chunk=149.701513
