[results]
loss=0.08646923
err=0.9997147
elapsed_time_chunk=152.634508
