[results]
loss=0.3830288
err=0.9993463
elapsed_time_chunk=53.953809
