[results]
loss=0.08628037
err=0.99976623
elapsed_time_chunk=164.636013
