[results]
loss=0.3220616
err=0.9996813
elapsed_time_chunk=139.841754
