[results]
loss=0.08343554
err=0.9997649
elapsed_time_chunk=137.479782
