[results]
loss=0.08547282
err=0.9996994
elapsed_time_chunk=162.415015
