[results]
loss=0.08228782
err=0.99963826
elapsed_time_chunk=142.754842
