[results]
loss=0.08303243
err=0.9997597
elapsed_time_chunk=150.132319
