[results]
loss=0.08481936
err=0.9996775
elapsed_time_chunk=143.935099
