[results]
loss=0.08372208
err=0.99976796
elapsed_time_chunk=145.934861
