[results]
loss=0.72639793
err=0.9997551
elapsed_time_chunk=139.047218
