[results]
loss=0.42391035
err=0.9997725
elapsed_time_chunk=142.963706
