[results]
loss=0.083041385
err=0.9997031
elapsed_time_chunk=157.789807
