[results]
loss=0.088249035
err=0.9997683
elapsed_time_chunk=150.619758
