[results]
loss=0.42068705
err=0.99984545
elapsed_time_chunk=63.920153
