[results]
loss=0.084479995
err=0.99974436
elapsed_time_chunk=143.791135
