[results]
loss=0.083448835
err=0.999657
elapsed_time_chunk=153.555682
