[results]
loss=0.08184093
err=0.99973637
elapsed_time_chunk=147.985139
