[results]
loss=0.0848047
err=0.99979335
elapsed_time_chunk=142.811183
