[results]
loss=0.08373237
err=0.9997454
elapsed_time_chunk=149.540550
