[results]
loss=0.11679384
err=0.99988014
elapsed_time_chunk=54.816921
