[results]
loss=0.08616473
err=0.999653
elapsed_time_chunk=151.893809
