[results]
loss=0.08751487
err=0.9997538
elapsed_time_chunk=158.461157
