[results]
loss=4.1980457
err=0.9997932
elapsed_time_chunk=89.038209
