[results]
loss=0.08271254
err=0.9997478
elapsed_time_chunk=135.895466
