[results]
loss=0.0879968
err=0.9997715
elapsed_time_chunk=144.637922
