[results]
loss=0.9704805
err=0.9996827
elapsed_time_chunk=150.559292
