[results]
loss=0.08278735
err=0.9997671
elapsed_time_chunk=142.582904
