[results]
loss=0.084539674
err=0.99976635
elapsed_time_chunk=150.891664
