[results]
loss=1.0638038
err=0.9997444
elapsed_time_chunk=160.571109
