[results]
loss=0.08269395
err=0.9997022
elapsed_time_chunk=143.067571
