[results]
loss=0.08530824
err=0.9997664
elapsed_time_chunk=140.524015
