[results]
loss=0.084897384
err=0.9997447
elapsed_time_chunk=140.202158
