[results]
loss=0.08556934
err=0.9997828
elapsed_time_chunk=140.197868
