[results]
loss=0.083385795
err=0.99969417
elapsed_time_chunk=141.453855
