[results]
loss=0.0846305
err=0.9997291
elapsed_time_chunk=151.619121
