[results]
loss=0.083619356
err=0.9996945
elapsed_time_chunk=140.218714
