[results]
loss=0.08530507
err=0.9997798
elapsed_time_chunk=146.313912
