[results]
loss=0.08593408
err=0.99968827
elapsed_time_chunk=154.404337
