[results]
loss=0.083189115
err=0.9997611
elapsed_time_chunk=144.127263
