[results]
loss=0.084651336
err=0.9996743
elapsed_time_chunk=146.820471
