[results]
loss=0.08450075
err=0.99975485
elapsed_time_chunk=147.429767
