[results]
loss=0.086174056
err=0.99970853
elapsed_time_chunk=150.331876
