[results]
loss=0.085161336
err=0.9997168
elapsed_time_chunk=145.970519
