[results]
loss=0.6692386
err=0.99971783
elapsed_time_chunk=138.615849
