[results]
loss=1.0117188
err=0.99976337
elapsed_time_chunk=148.301710
