[results]
loss=0.42051685
err=0.99969214
elapsed_time_chunk=63.526967
