[results]
loss=0.08473321
err=0.9996388
elapsed_time_chunk=135.684065
