[results]
loss=0.08476843
err=0.9996941
elapsed_time_chunk=155.055147
