[results]
loss=0.08454362
err=0.9997153
elapsed_time_chunk=150.501856
