[results]
loss=0.6229644
err=0.99968445
elapsed_time_chunk=147.637143
