[results]
loss=0.08657017
err=0.999799
elapsed_time_chunk=141.271718
