[results]
loss=0.50378734
err=0.999638
elapsed_time_chunk=67.802720
