[results]
loss=0.0836988
err=0.9997405
elapsed_time_chunk=139.122573
