[results]
loss=0.2945221
err=0.9997318
elapsed_time_chunk=139.318291
