[results]
loss=0.08468273
err=0.9998333
elapsed_time_chunk=138.494556
