[results]
loss=0.35843617
err=0.99978364
elapsed_time_chunk=54.304033
