[results]
loss=0.4465979
err=0.9993685
elapsed_time_chunk=66.577530
