[results]
loss=0.08911351
err=0.99976885
elapsed_time_chunk=149.206614
