[results]
loss=0.0841819
err=0.9997073
elapsed_time_chunk=149.967563
