[results]
loss=0.953196
err=0.99967074
elapsed_time_chunk=137.495007
