[results]
loss=0.117194675
err=0.99984676
elapsed_time_chunk=51.120275
