[results]
loss=0.30712342
err=0.99980795
elapsed_time_chunk=66.384737
