[results]
loss=0.08432733
err=0.9996864
elapsed_time_chunk=152.792883
