[results]
loss=0.08582204
err=0.9997311
elapsed_time_chunk=154.948528
