[results]
loss=0.082596354
err=0.9996918
elapsed_time_chunk=148.079355
