[results]
loss=0.08560727
err=0.99966663
elapsed_time_chunk=151.502760
