[results]
loss=0.08169999
err=0.99974185
elapsed_time_chunk=148.447607
