[results]
loss=1.7311805
err=0.9997093
elapsed_time_chunk=141.156732
