[results]
loss=0.08211147
err=0.99970734
elapsed_time_chunk=138.432224
