[results]
loss=0.11716818
err=0.9993176
elapsed_time_chunk=53.198737
