[results]
loss=0.08603596
err=0.99975693
elapsed_time_chunk=151.892605
