[results]
loss=0.08288139
err=0.99969137
elapsed_time_chunk=145.551523
