[results]
loss=0.08738048
err=0.9997389
elapsed_time_chunk=152.602315
