[results]
loss=0.08614072
err=0.9997744
elapsed_time_chunk=135.971592
