[results]
loss=0.085428886
err=0.99965096
elapsed_time_chunk=153.105052
