[results]
loss=0.08346426
err=0.9997728
elapsed_time_chunk=142.623311
