[results]
loss=0.08589264
err=0.9997009
elapsed_time_chunk=149.583059
