[results]
loss=0.08325413
err=0.9996258
elapsed_time_chunk=154.061742
