[results]
loss=0.082677424
err=0.999655
elapsed_time_chunk=137.500423
