[results]
loss=0.085706
err=0.99978703
elapsed_time_chunk=139.866092
