[results]
loss=0.642668
err=0.99978036
elapsed_time_chunk=66.279554
