[results]
loss=0.08254215
err=0.9997774
elapsed_time_chunk=148.709049
