[results]
loss=0.08429348
err=0.9998284
elapsed_time_chunk=146.723029
