[results]
loss=0.087725274
err=0.9997468
elapsed_time_chunk=148.979393
