[results]
loss=0.08572331
err=0.9997007
elapsed_time_chunk=153.208992
