[results]
loss=0.08555854
err=0.99971795
elapsed_time_chunk=151.580877
