[results]
loss=0.08292544
err=0.9997508
elapsed_time_chunk=140.754741
