[results]
loss=0.4383119
err=0.9997173
elapsed_time_chunk=92.287659
