[results]
loss=0.88626075
err=0.999692
elapsed_time_chunk=147.545636
