[results]
loss=0.114855774
err=0.9998173
elapsed_time_chunk=53.016920
