[results]
loss=0.08569331
err=0.9996901
elapsed_time_chunk=145.077494
