[results]
loss=0.5764403
err=0.9996699
elapsed_time_chunk=159.171781
