[results]
loss=0.08320397
err=0.9997585
elapsed_time_chunk=151.396535
