[results]
loss=0.0849604
err=0.99966884
elapsed_time_chunk=137.118997
