[results]
loss=0.088701725
err=0.9996718
elapsed_time_chunk=138.189744
