[results]
loss=0.30654785
err=0.9997486
elapsed_time_chunk=53.923176
