[results]
loss=0.08501557
err=0.9997674
elapsed_time_chunk=151.889370
