[results]
loss=0.08365134
err=0.9996705
elapsed_time_chunk=148.272265
