[results]
loss=0.0852288
err=0.9996916
elapsed_time_chunk=153.954349
