[results]
loss=0.08588594
err=0.9997094
elapsed_time_chunk=146.406257
