[results]
loss=0.083022505
err=0.9997073
elapsed_time_chunk=149.088964
