[results]
loss=0.61331886
err=0.99976414
elapsed_time_chunk=146.309295
