[results]
loss=0.08463637
err=0.9997456
elapsed_time_chunk=145.313202
