[results]
loss=0.08361114
err=0.99961764
elapsed_time_chunk=147.368940
