[results]
loss=0.4586034
err=0.9997768
elapsed_time_chunk=97.080727
