[results]
loss=0.086388215
err=0.9997718
elapsed_time_chunk=140.568324
