[results]
loss=0.08412267
err=0.99976605
elapsed_time_chunk=143.050582
