[results]
loss=0.08765693
err=0.9997416
elapsed_time_chunk=148.574992
