[results]
loss=0.08433945
err=0.9997829
elapsed_time_chunk=144.165911
