[results]
loss=0.08681792
err=0.9997778
elapsed_time_chunk=145.133933
