[results]
loss=0.08514821
err=0.9997366
elapsed_time_chunk=151.427105
