[results]
loss=0.08741624
err=0.99980783
elapsed_time_chunk=138.396451
