[results]
loss=0.08642449
err=0.99968857
elapsed_time_chunk=150.680092
