[results]
loss=0.0825296
err=0.99974406
elapsed_time_chunk=135.365678
