[results]
loss=0.08517473
err=0.9997367
elapsed_time_chunk=139.805522
