[results]
loss=0.08416704
err=0.9997542
elapsed_time_chunk=134.138792
