[results]
loss=0.08537871
err=0.9995988
elapsed_time_chunk=147.990870
