[results]
loss=0.34954754
err=0.999684
elapsed_time_chunk=93.382439
