[results]
loss=0.08345077
err=0.9997615
elapsed_time_chunk=143.424844
