[results]
loss=0.08559843
err=0.9997118
elapsed_time_chunk=146.074958
