[results]
loss=0.08539745
err=0.9997188
elapsed_time_chunk=143.869656
