[results]
loss=0.08321845
err=0.9997491
elapsed_time_chunk=143.758023
