[results]
loss=0.08462428
err=0.9996519
elapsed_time_chunk=151.917772
