[results]
loss=0.0847757
err=0.99974525
elapsed_time_chunk=135.109170
