[results]
loss=0.08536396
err=0.99973965
elapsed_time_chunk=144.207639
