[results]
loss=0.08955397
err=0.99973017
elapsed_time_chunk=140.339175
