[results]
loss=0.56410265
err=0.9997318
elapsed_time_chunk=150.474599
