[results]
loss=0.0835083
err=0.99972427
elapsed_time_chunk=158.307425
