[results]
loss=0.08535837
err=0.9996952
elapsed_time_chunk=148.139825
