[results]
loss=0.085241094
err=0.9997707
elapsed_time_chunk=142.204226
