[results]
loss=0.08520604
err=0.9997311
elapsed_time_chunk=143.358802
