[results]
loss=0.08703699
err=0.99969655
elapsed_time_chunk=132.214700
