[results]
loss=0.08593389
err=0.9997624
elapsed_time_chunk=154.745291
