[results]
loss=0.3186398
err=0.99898773
elapsed_time_chunk=52.500102
