[results]
loss=5.540227
err=0.99971205
elapsed_time_chunk=140.851418
