[results]
loss=0.08656955
err=0.999751
elapsed_time_chunk=142.188421
