[results]
loss=0.08513025
err=0.99972147
elapsed_time_chunk=148.712396
