[results]
loss=0.08604781
err=0.9997758
elapsed_time_chunk=142.622715
