[results]
loss=0.08433898
err=0.9997539
elapsed_time_chunk=151.297347
