[results]
loss=0.084597334
err=0.9997138
elapsed_time_chunk=157.118816
