[results]
loss=0.08523058
err=0.9996092
elapsed_time_chunk=144.936346
