[results]
loss=0.4007317
err=0.9997322
elapsed_time_chunk=64.945023
