[results]
loss=0.084287874
err=0.9997421
elapsed_time_chunk=153.328617
