[results]
loss=0.084749475
err=0.9996812
elapsed_time_chunk=152.105709
