[results]
loss=0.2828976
err=0.99966043
elapsed_time_chunk=52.775208
