[results]
loss=1.4220281
err=0.9997103
elapsed_time_chunk=138.356198
