[results]
loss=0.08336953
err=0.99978215
elapsed_time_chunk=142.953765
