[results]
loss=0.08481987
err=0.9997506
elapsed_time_chunk=141.112247
