[results]
loss=0.08553356
err=0.9997663
elapsed_time_chunk=136.379554
