[results]
loss=0.087023914
err=0.99976516
elapsed_time_chunk=146.795208
