[results]
loss=0.085835725
err=0.99973124
elapsed_time_chunk=152.101322
