[results]
loss=0.08712982
err=0.9997757
elapsed_time_chunk=147.383683
