[results]
loss=0.085136615
err=0.9997076
elapsed_time_chunk=153.202426
