[results]
loss=0.08529186
err=0.9997508
elapsed_time_chunk=146.166290
