[results]
loss=0.08534858
err=0.9997091
elapsed_time_chunk=134.953151
