[results]
loss=0.3594941
err=0.99967444
elapsed_time_chunk=88.848925
