[results]
loss=0.085364096
err=0.9997537
elapsed_time_chunk=147.876167
