[results]
loss=0.08497663
err=0.9997799
elapsed_time_chunk=134.738761
