[results]
loss=0.8287126
err=0.9997133
elapsed_time_chunk=154.642423
