[results]
loss=0.08551673
err=0.99970084
elapsed_time_chunk=150.481461
