[results]
loss=0.08492276
err=0.99981284
elapsed_time_chunk=143.941565
