[results]
loss=0.08380226
err=0.99971837
elapsed_time_chunk=143.608217
