[results]
loss=0.08529145
err=0.99965036
elapsed_time_chunk=141.176498
