[results]
loss=0.39168313
err=0.999841
elapsed_time_chunk=66.065930
