[results]
loss=0.08551075
err=0.9997089
elapsed_time_chunk=139.170637
