[results]
loss=0.4559751
err=0.9980874
elapsed_time_chunk=55.171203
