[results]
loss=0.43305385
err=0.99978393
elapsed_time_chunk=63.122711
