[results]
loss=0.3385886
err=0.9998229
elapsed_time_chunk=86.361731
