[results]
loss=1.0426927
err=0.99973404
elapsed_time_chunk=141.017644
