[results]
loss=0.085199274
err=0.9997015
elapsed_time_chunk=151.718670
