[results]
loss=0.0848714
err=0.99979705
elapsed_time_chunk=140.322087
