[results]
loss=2.166911
err=0.9996857
elapsed_time_chunk=87.467600
