[results]
loss=0.120089546
err=0.9996882
elapsed_time_chunk=55.000707
