[results]
loss=0.0850609
err=0.9997855
elapsed_time_chunk=143.720705
