[results]
loss=0.08529306
err=0.99970526
elapsed_time_chunk=148.961730
