[results]
loss=0.08166028
err=0.99971056
elapsed_time_chunk=140.305349
