[results]
loss=0.08346356
err=0.9997538
elapsed_time_chunk=136.491662
