[results]
loss=0.086486585
err=0.9996807
elapsed_time_chunk=129.136436
