[results]
loss=0.08292355
err=0.99972296
elapsed_time_chunk=152.320863
