[results]
loss=0.084048785
err=0.9996189
elapsed_time_chunk=142.483165
