[results]
loss=0.083556935
err=0.99968773
elapsed_time_chunk=145.953866
