[results]
loss=1.1261116
err=0.9997506
elapsed_time_chunk=143.016270
