[results]
loss=0.3458722
err=0.99974877
elapsed_time_chunk=140.240596
