[results]
loss=0.084786646
err=0.99970615
elapsed_time_chunk=150.363999
