[results]
loss=0.082942545
err=0.9996876
elapsed_time_chunk=142.634114
