[results]
loss=0.4058282
err=0.999751
elapsed_time_chunk=139.640380
