[results]
loss=0.32850555
err=0.99980325
elapsed_time_chunk=56.971218
