[results]
loss=2.076766
err=0.99965245
elapsed_time_chunk=142.057365
