[results]
loss=0.085659996
err=0.99968064
elapsed_time_chunk=155.230919
