[results]
loss=0.08355156
err=0.99973685
elapsed_time_chunk=145.546901
