[results]
loss=0.089031346
err=0.9996861
elapsed_time_chunk=133.793702
