[results]
loss=0.08544382
err=0.99974406
elapsed_time_chunk=127.069673
