[results]
loss=0.08672885
err=0.999736
elapsed_time_chunk=140.924473
