[results]
loss=0.08465799
err=0.99972564
elapsed_time_chunk=142.907245
