[results]
loss=0.91800374
err=0.9997597
elapsed_time_chunk=129.977704
