[results]
loss=0.08249742
err=0.99980205
elapsed_time_chunk=149.749162
