[results]
loss=0.086199254
err=0.99969125
elapsed_time_chunk=145.844784
