[results]
loss=0.08381984
err=0.999702
elapsed_time_chunk=151.760110
