[results]
loss=0.08334506
err=0.99976754
elapsed_time_chunk=148.121580
