[results]
loss=0.46381053
err=0.99975234
elapsed_time_chunk=94.049323
