[results]
loss=0.0863369
err=0.99980074
elapsed_time_chunk=140.933776
