[results]
loss=0.08483548
err=0.99973905
elapsed_time_chunk=147.319913
