[results]
loss=0.33989376
err=0.9997452
elapsed_time_chunk=73.158242
