[results]
loss=0.084344
err=0.9997643
elapsed_time_chunk=155.759231
