[results]
loss=0.08619748
err=0.99966097
elapsed_time_chunk=153.575638
