[results]
loss=0.08526726
err=0.9997231
elapsed_time_chunk=145.297925
