[results]
loss=0.08182299
err=0.999773
elapsed_time_chunk=133.573480
