[results]
loss=0.083088905
err=0.99980694
elapsed_time_chunk=140.026652
