[results]
loss=0.08266648
err=0.99971825
elapsed_time_chunk=148.223802
