[results]
loss=0.08474256
err=0.9997683
elapsed_time_chunk=142.007454
