[results]
loss=0.08370942
err=0.99970037
elapsed_time_chunk=149.958647
