[results]
loss=0.08459179
err=0.9997506
elapsed_time_chunk=146.125901
