[results]
loss=0.08351808
err=0.9997476
elapsed_time_chunk=143.034101
