[results]
loss=0.084062755
err=0.99977005
elapsed_time_chunk=152.372614
