[results]
loss=0.08305839
err=0.9997448
elapsed_time_chunk=133.466662
