[results]
loss=0.08243819
err=0.9997492
elapsed_time_chunk=153.374376
