[results]
loss=0.08475873
err=0.9997151
elapsed_time_chunk=160.202340
