[results]
loss=1.4049956
err=0.99968225
elapsed_time_chunk=144.952512
