[results]
loss=0.08348546
err=0.99976426
elapsed_time_chunk=154.351203
