[results]
loss=0.08486289
err=0.9997281
elapsed_time_chunk=157.567911
