[results]
loss=0.2713437
err=0.9998033
elapsed_time_chunk=130.197395
