[results]
loss=0.08528398
err=0.9997135
elapsed_time_chunk=148.330167
