[results]
loss=0.085068434
err=0.9997627
elapsed_time_chunk=138.868106
