[results]
loss=0.87184566
err=0.999737
elapsed_time_chunk=157.168825
