[results]
loss=1.8118478
err=0.9996923
elapsed_time_chunk=140.974037
