[results]
loss=0.08889645
err=0.99977106
elapsed_time_chunk=135.404855
