[results]
loss=0.0838061
err=0.9996669
elapsed_time_chunk=148.230841
