[results]
loss=0.08516676
err=0.9997654
elapsed_time_chunk=149.481950
