[results]
loss=0.43745944
err=0.9996788
elapsed_time_chunk=67.173079
