[results]
loss=0.08746741
err=0.9996713
elapsed_time_chunk=135.621881
