[results]
loss=0.08452829
err=0.9997583
elapsed_time_chunk=148.494811
