[results]
loss=0.5354216
err=0.9996672
elapsed_time_chunk=94.759304
