[results]
loss=0.08994709
err=0.99972457
elapsed_time_chunk=125.651328
