[results]
loss=0.087866314
err=0.99979585
elapsed_time_chunk=148.641849
