[results]
loss=0.08869024
err=0.9997464
elapsed_time_chunk=150.073309
