[results]
loss=0.084473394
err=0.99975884
elapsed_time_chunk=143.839022
