[results]
loss=0.08467643
err=0.99972755
elapsed_time_chunk=143.757812
