[results]
loss=0.08556756
err=0.999769
elapsed_time_chunk=157.422593
