[results]
loss=0.0844316
err=0.9997824
elapsed_time_chunk=146.832716
