[results]
loss=0.08200636
err=0.99973947
elapsed_time_chunk=155.226772
