[results]
loss=0.08343231
err=0.99976206
elapsed_time_chunk=146.141223
