[results]
loss=0.08535909
err=0.9996676
elapsed_time_chunk=160.372387
