[results]
loss=0.085006796
err=0.9996343
elapsed_time_chunk=141.201102
