[results]
loss=0.08519438
err=0.9997103
elapsed_time_chunk=149.280621
