[results]
loss=0.08357859
err=0.9997257
elapsed_time_chunk=135.589430
