[results]
loss=0.08469676
err=0.9996916
elapsed_time_chunk=145.378895
