[results]
loss=0.11051685
err=0.9996918
elapsed_time_chunk=56.642619
