[results]
loss=0.5669927
err=0.9996885
elapsed_time_chunk=139.400514
