[results]
loss=0.08569473
err=0.99978864
elapsed_time_chunk=142.189462
