[results]
loss=0.082018085
err=0.9997055
elapsed_time_chunk=149.843603
