[results]
loss=0.083238
err=0.99969596
elapsed_time_chunk=138.648050
