[results]
loss=1.8704214
err=0.9996748
elapsed_time_chunk=160.387534
