[results]
loss=0.08704935
err=0.9997581
elapsed_time_chunk=148.304671
