[results]
loss=0.08258864
err=0.999687
elapsed_time_chunk=153.038060
