[results]
loss=0.08439823
err=0.99973166
elapsed_time_chunk=157.488353
