[results]
loss=0.0825645
err=0.99971455
elapsed_time_chunk=141.477639
