[results]
loss=0.08341733
err=0.9996302
elapsed_time_chunk=146.006216
