[results]
loss=0.08509284
err=0.99974227
elapsed_time_chunk=142.439195
