[results]
loss=0.08724249
err=0.99972284
elapsed_time_chunk=136.244412
