[results]
loss=0.0830784
err=0.9997132
elapsed_time_chunk=149.149899
