[results]
loss=0.08997574
err=0.99969745
elapsed_time_chunk=136.568170
