[results]
loss=0.083782524
err=0.99970156
elapsed_time_chunk=149.829896
