[results]
loss=0.08607177
err=0.99978715
elapsed_time_chunk=141.784199
