[results]
loss=0.5630894
err=0.99973106
elapsed_time_chunk=132.731251
