[results]
loss=0.08633396
err=0.9996704
elapsed_time_chunk=146.953156
