[results]
loss=0.0847286
err=0.9997494
elapsed_time_chunk=148.504829
