[results]
loss=0.08616424
err=0.9997406
elapsed_time_chunk=145.676253
