[results]
loss=0.08578353
err=0.9996802
elapsed_time_chunk=153.975770
