[results]
loss=0.084197946
err=0.9996742
elapsed_time_chunk=148.472138
