[results]
loss=0.08504747
err=0.9998161
elapsed_time_chunk=135.512708
