[results]
loss=0.5639066
err=0.9997168
elapsed_time_chunk=160.949353
