[results]
loss=0.08418063
err=0.99966466
elapsed_time_chunk=147.788126
