[results]
loss=0.08532648
err=0.99975204
elapsed_time_chunk=152.167925
