[results]
loss=0.2765816
err=0.99975044
elapsed_time_chunk=133.462452
