[results]
loss=0.084740974
err=0.99975055
elapsed_time_chunk=143.807490
