[results]
loss=0.08292104
err=0.99961734
elapsed_time_chunk=158.097023
