[results]
loss=0.084662795
err=0.99971896
elapsed_time_chunk=143.176286
