[results]
loss=0.08346498
err=0.99972624
elapsed_time_chunk=144.556404
