[results]
loss=0.08672033
err=0.9997338
elapsed_time_chunk=153.590269
