[results]
loss=0.083960645
err=0.9997602
elapsed_time_chunk=142.886778
