[results]
loss=0.36721742
err=0.9997014
elapsed_time_chunk=67.356347
