[results]
loss=0.38499513
err=0.9991454
elapsed_time_chunk=66.460740
