[results]
loss=0.084299974
err=0.9996665
elapsed_time_chunk=147.661552
