[results]
loss=0.08479908
err=0.99964917
elapsed_time_chunk=148.910282
