[results]
loss=0.08477391
err=0.999732
elapsed_time_chunk=140.475888
