[results]
loss=0.08915166
err=0.99981076
elapsed_time_chunk=122.888934
