[results]
loss=0.37866476
err=0.9997425
elapsed_time_chunk=92.848085
