[results]
loss=0.084804736
err=0.9996991
elapsed_time_chunk=139.772460
