[results]
loss=0.3826413
err=0.99970627
elapsed_time_chunk=53.511898
