[results]
loss=0.08649336
err=0.9997415
elapsed_time_chunk=146.795191
