[results]
loss=0.08472993
err=0.9997006
elapsed_time_chunk=141.208444
