[results]
loss=0.44191417
err=0.99902177
elapsed_time_chunk=53.416546
