[results]
loss=0.08609731
err=0.9997101
elapsed_time_chunk=146.024813
