[results]
loss=0.084720396
err=0.9997907
elapsed_time_chunk=142.863438
