[results]
loss=0.083063684
err=0.9996997
elapsed_time_chunk=144.744208
