[results]
loss=0.08287821
err=0.9997908
elapsed_time_chunk=154.638295
