[results]
loss=0.0825896
err=0.9997635
elapsed_time_chunk=144.534672
