[results]
loss=0.87585574
err=0.9997501
elapsed_time_chunk=132.905470
