[results]
loss=0.084939316
err=0.9997297
elapsed_time_chunk=156.898256
