[results]
loss=0.08583465
err=0.9997256
elapsed_time_chunk=148.130277
