[results]
loss=0.08430026
err=0.99975824
elapsed_time_chunk=136.735811
