[results]
loss=0.08430556
err=0.9996556
elapsed_time_chunk=150.075754
