[results]
loss=0.08753504
err=0.99966455
elapsed_time_chunk=141.443161
