[results]
loss=0.083610065
err=0.99972427
elapsed_time_chunk=148.056351
