[results]
loss=0.08578591
err=0.99972373
elapsed_time_chunk=159.425267
