[results]
loss=0.08400861
err=0.9996266
elapsed_time_chunk=150.292155
