[results]
loss=0.08859816
err=0.9997024
elapsed_time_chunk=137.795392
