[results]
loss=0.08435023
err=0.999794
elapsed_time_chunk=145.327707
