[results]
loss=0.08620481
err=0.9997126
elapsed_time_chunk=145.731304
