[results]
loss=0.085066475
err=0.9997037
elapsed_time_chunk=149.373542
