[results]
loss=0.08582485
err=0.9997539
elapsed_time_chunk=134.334759
