[results]
loss=0.083758876
err=0.9997111
elapsed_time_chunk=147.679263
