[results]
loss=0.084507175
err=0.99966866
elapsed_time_chunk=136.489660
