[results]
loss=0.08697099
err=0.9997619
elapsed_time_chunk=145.171352
