[results]
loss=0.08532331
err=0.9996494
elapsed_time_chunk=140.503742
