[results]
loss=0.085087515
err=0.999741
elapsed_time_chunk=142.070740
