[results]
loss=0.08556609
err=0.9998304
elapsed_time_chunk=146.870913
