[results]
loss=0.083403915
err=0.9997596
elapsed_time_chunk=138.134932
