[results]
loss=0.08406531
err=0.9997612
elapsed_time_chunk=144.340695
