[results]
loss=0.084183656
err=0.9997113
elapsed_time_chunk=146.352256
