[results]
loss=0.08225041
err=0.999689
elapsed_time_chunk=157.336556
