[results]
loss=0.08365941
err=0.9997745
elapsed_time_chunk=146.739550
