[results]
loss=0.08483025
err=0.9996951
elapsed_time_chunk=158.973386
