[results]
loss=1.1303393
err=0.99963814
elapsed_time_chunk=91.566463
