[results]
loss=0.08560479
err=0.9996949
elapsed_time_chunk=152.631911
