[results]
loss=0.0844712
err=0.9997437
elapsed_time_chunk=142.597837
