[results]
loss=0.08527273
err=0.99972415
elapsed_time_chunk=139.254594
