[results]
loss=0.41021228
err=0.99930453
elapsed_time_chunk=54.576335
