[results]
loss=0.08412198
err=0.999703
elapsed_time_chunk=147.573178
