[results]
loss=0.0837057
err=0.9997269
elapsed_time_chunk=138.847471
