[results]
loss=0.083797805
err=0.99976903
elapsed_time_chunk=145.283541
