[results]
loss=0.084483944
err=0.9996967
elapsed_time_chunk=144.147020
