[results]
loss=0.085792415
err=0.99972254
elapsed_time_chunk=152.254930
