[results]
loss=0.12511382
err=0.99968904
elapsed_time_chunk=54.471023
