[results]
loss=0.08313309
err=0.9997088
elapsed_time_chunk=143.039342
