[results]
loss=0.0855963
err=0.9998035
elapsed_time_chunk=139.411976
