[results]
loss=0.08234888
err=0.9996938
elapsed_time_chunk=145.685230
