[results]
loss=0.086118154
err=0.99977297
elapsed_time_chunk=147.245779
