[results]
loss=0.08539277
err=0.999681
elapsed_time_chunk=136.988813
