[results]
loss=0.083195485
err=0.9997783
elapsed_time_chunk=143.088137
