[results]
loss=0.08373821
err=0.99978364
elapsed_time_chunk=141.724921
