[results]
loss=0.11519584
err=0.99985015
elapsed_time_chunk=55.047371
