[results]
loss=0.40492564
err=0.9969362
elapsed_time_chunk=54.616537
