[results]
loss=0.083725855
err=0.99965763
elapsed_time_chunk=153.382760
