[results]
loss=0.08411908
err=0.9997292
elapsed_time_chunk=137.126814
