[results]
loss=0.33556414
err=0.9990658
elapsed_time_chunk=65.121563
