[results]
loss=0.085534096
err=0.99978375
elapsed_time_chunk=141.762105
