[results]
loss=0.9298791
err=0.9997064
elapsed_time_chunk=149.947156
