[results]
loss=0.08651047
err=0.9996813
elapsed_time_chunk=152.905529
