[results]
loss=0.08536535
err=0.9997614
elapsed_time_chunk=146.750666
