[results]
loss=0.37580812
err=0.9994402
elapsed_time_chunk=66.025072
