[results]
loss=0.08828102
err=0.9996531
elapsed_time_chunk=137.852714
