[results]
loss=0.083585456
err=0.99974716
elapsed_time_chunk=145.494975
