[results]
loss=0.08313154
err=0.99976176
elapsed_time_chunk=149.816301
