[results]
loss=0.32285777
err=0.99871737
elapsed_time_chunk=65.569524
