[results]
loss=0.08453264
err=0.99969035
elapsed_time_chunk=137.088813
