[results]
loss=0.08912363
err=0.9997761
elapsed_time_chunk=131.477895
