[results]
loss=0.2855946
err=0.99979556
elapsed_time_chunk=92.640515
