[results]
loss=0.08400483
err=0.9997588
elapsed_time_chunk=147.844792
