[results]
loss=0.08629039
err=0.9997015
elapsed_time_chunk=150.769805
