[results]
loss=0.085371606
err=0.9997212
elapsed_time_chunk=137.136703
