[results]
loss=0.0830774
err=0.9996239
elapsed_time_chunk=141.917553
