[results]
loss=0.46623117
err=0.99974823
elapsed_time_chunk=136.250760
