[results]
loss=0.081787
err=0.99973035
elapsed_time_chunk=149.358089
