[results]
loss=0.083281465
err=0.9997032
elapsed_time_chunk=142.936940
