[results]
loss=0.08555229
err=0.9997456
elapsed_time_chunk=139.940015
