[results]
loss=0.08253402
err=0.9997477
elapsed_time_chunk=145.249879
