[results]
loss=0.08615091
err=0.99977434
elapsed_time_chunk=139.000262
