[results]
loss=0.08659075
err=0.9998103
elapsed_time_chunk=153.098961
