[results]
loss=0.085033186
err=0.9996575
elapsed_time_chunk=149.732783
