[results]
loss=0.9125872
err=0.99972403
elapsed_time_chunk=157.294328
