[results]
loss=0.08373652
err=0.9997222
elapsed_time_chunk=151.638361
