[results]
loss=0.0837389
err=0.9997513
elapsed_time_chunk=149.539357
