[results]
loss=0.08419337
err=0.99969953
elapsed_time_chunk=151.030215
