[results]
loss=0.08609186
err=0.99969697
elapsed_time_chunk=137.404544
