[results]
loss=0.084053695
err=0.99974453
elapsed_time_chunk=144.247930
