[results]
loss=0.08511047
err=0.99963987
elapsed_time_chunk=148.592307
