[results]
loss=0.082836725
err=0.9996722
elapsed_time_chunk=156.770452
