[results]
loss=0.45319682
err=0.999701
elapsed_time_chunk=95.001413
