[results]
loss=0.72635067
err=0.99978423
elapsed_time_chunk=146.531745
