[results]
loss=0.084853016
err=0.9997564
elapsed_time_chunk=133.721962
