[results]
loss=0.08202835
err=0.99973404
elapsed_time_chunk=151.571938
