[results]
loss=0.08600652
err=0.9997196
elapsed_time_chunk=150.399725
