[results]
loss=0.08445614
err=0.9996709
elapsed_time_chunk=153.148646
