[results]
loss=0.08401358
err=0.9996894
elapsed_time_chunk=143.235773
