[results]
loss=0.08397625
err=0.9996966
elapsed_time_chunk=148.019363
