[results]
loss=0.084797084
err=0.9997195
elapsed_time_chunk=145.233034
