[results]
loss=0.08414752
err=0.9996886
elapsed_time_chunk=135.144090
