[results]
loss=0.08564512
err=0.9996801
elapsed_time_chunk=136.088077
