[results]
loss=0.08398104
err=0.9997764
elapsed_time_chunk=138.030018
