[results]
loss=0.49117932
err=0.99978536
elapsed_time_chunk=97.876461
