[results]
loss=0.50062335
err=0.99930024
elapsed_time_chunk=62.693852
