[results]
loss=1.9239383
err=0.9997302
elapsed_time_chunk=154.196709
