[results]
loss=0.08455391
err=0.9997318
elapsed_time_chunk=148.408165
