[results]
loss=0.08307393
err=0.9996967
elapsed_time_chunk=143.978200
