[results]
loss=0.12476891
err=0.9998565
elapsed_time_chunk=53.935969
