[results]
loss=0.08342163
err=0.99974084
elapsed_time_chunk=144.396027
