[results]
loss=0.08461781
err=0.9996848
elapsed_time_chunk=152.151884
