[results]
loss=1.8603653
err=0.99972814
elapsed_time_chunk=139.624108
