[results]
loss=0.08560578
err=0.9997282
elapsed_time_chunk=144.758490
