[results]
loss=0.08537266
err=0.9997472
elapsed_time_chunk=144.461672
