[results]
loss=0.08301138
err=0.9996611
elapsed_time_chunk=151.264703
