[results]
loss=0.08714593
err=0.99968374
elapsed_time_chunk=149.392242
