[results]
loss=0.086042866
err=0.9997497
elapsed_time_chunk=153.022435
