[results]
loss=0.085446164
err=0.99974865
elapsed_time_chunk=143.421587
