[results]
loss=0.08552055
err=0.99972
elapsed_time_chunk=145.499542
