[results]
loss=0.0843053
err=0.9996789
elapsed_time_chunk=142.710721
