[results]
loss=0.084609434
err=0.99970436
elapsed_time_chunk=157.926268
