[results]
loss=0.08400287
err=0.9997272
elapsed_time_chunk=155.295876
