[results]
loss=1.8947586
err=0.99975866
elapsed_time_chunk=138.864830
