[results]
loss=0.084937215
err=0.9997298
elapsed_time_chunk=149.290687
