[results]
loss=0.08523694
err=0.99968493
elapsed_time_chunk=153.688453
