[results]
loss=0.085700534
err=0.9997106
elapsed_time_chunk=143.766601
