[results]
loss=0.08305591
err=0.9997129
elapsed_time_chunk=139.550387
