[results]
loss=0.082670584
err=0.99974716
elapsed_time_chunk=150.690429
