[results]
loss=0.084935576
err=0.99975234
elapsed_time_chunk=136.881437
