[results]
loss=0.083806746
err=0.99968624
elapsed_time_chunk=136.607520
