[results]
loss=0.48811325
err=0.99967766
elapsed_time_chunk=67.048560
