[results]
loss=0.08365574
err=0.9997194
elapsed_time_chunk=134.027112
