[results]
loss=0.08368164
err=0.9997615
elapsed_time_chunk=144.450336
