[results]
loss=0.083595805
err=0.9996844
elapsed_time_chunk=142.593997
