[results]
loss=1.0229361
err=0.9997433
elapsed_time_chunk=136.655862
