[results]
loss=0.08571661
err=0.999714
elapsed_time_chunk=146.561207
