[results]
loss=0.08582347
err=0.99969304
elapsed_time_chunk=144.518429
