[results]
loss=0.08572473
err=0.9997153
elapsed_time_chunk=147.915788
