[results]
loss=0.08467401
err=0.999714
elapsed_time_chunk=148.963713
