[results]
loss=0.083509654
err=0.9997652
elapsed_time_chunk=143.406164
