[results]
loss=0.3359334
err=0.999725
elapsed_time_chunk=93.851799
