[results]
loss=0.08612749
err=0.9997389
elapsed_time_chunk=140.484252
