[results]
loss=0.08583167
err=0.9997357
elapsed_time_chunk=160.485104
