[results]
loss=0.084008604
err=0.99969614
elapsed_time_chunk=148.725560
