[results]
loss=0.086767875
err=0.99971807
elapsed_time_chunk=139.820278
