[results]
loss=0.08504635
err=0.9997263
elapsed_time_chunk=151.869290
