[results]
loss=0.08175905
err=0.99972624
elapsed_time_chunk=148.028769
