[results]
loss=0.08314776
err=0.99973375
elapsed_time_chunk=136.242697
