[results]
loss=0.08628444
err=0.9996864
elapsed_time_chunk=152.604555
