[results]
loss=0.0847942
err=0.9997529
elapsed_time_chunk=135.428080
