[results]
loss=0.43131995
err=0.9997761
elapsed_time_chunk=52.384970
