[results]
loss=0.08304251
err=0.99966747
elapsed_time_chunk=142.114710
