[results]
loss=0.08723577
err=0.999697
elapsed_time_chunk=147.915673
