[results]
loss=0.085328646
err=0.99952894
elapsed_time_chunk=147.354312
