[results]
loss=0.08432497
err=0.99972564
elapsed_time_chunk=154.246335
