[results]
loss=0.08386975
err=0.9997434
elapsed_time_chunk=144.668354
