[results]
loss=0.084879436
err=0.9997361
elapsed_time_chunk=147.816973
