[results]
loss=0.3501397
err=0.9997926
elapsed_time_chunk=63.862367
