[results]
loss=0.08478685
err=0.9997176
elapsed_time_chunk=145.585132
