[results]
loss=0.08739269
err=0.9997672
elapsed_time_chunk=151.267292
