[results]
loss=0.08456966
err=0.99980175
elapsed_time_chunk=142.921776
