[results]
loss=0.08466751
err=0.99964666
elapsed_time_chunk=142.811697
