[results]
loss=0.08889702
err=0.99969596
elapsed_time_chunk=133.644478
