[results]
loss=0.083715685
err=0.9995962
elapsed_time_chunk=144.788476
