[results]
loss=0.08392226
err=0.9996787
elapsed_time_chunk=141.301190
