[results]
loss=0.08403628
err=0.9997562
elapsed_time_chunk=147.178612
