[results]
loss=0.083814874
err=0.9997379
elapsed_time_chunk=148.254210
