[results]
loss=0.49328765
err=0.99975175
elapsed_time_chunk=68.777197
