[results]
loss=0.70660365
err=0.99971116
elapsed_time_chunk=141.332700
