[results]
loss=0.08222745
err=0.9997006
elapsed_time_chunk=146.272666
