[results]
loss=0.08489211
err=0.99977136
elapsed_time_chunk=145.566033
