[results]
loss=0.0834752
err=0.99965197
elapsed_time_chunk=136.450415
