[results]
loss=0.0846423
err=0.99974996
elapsed_time_chunk=141.802089
