[results]
loss=0.08453889
err=0.9997008
elapsed_time_chunk=154.441737
