[results]
loss=0.08594385
err=0.999696
elapsed_time_chunk=146.658296
