[results]
loss=0.305637
err=0.99974036
elapsed_time_chunk=145.535306
