[results]
loss=0.08465096
err=0.99974364
elapsed_time_chunk=158.206905
