[results]
loss=0.08422619
err=0.99973446
elapsed_time_chunk=148.991262
