[results]
loss=2.2492251
err=0.99963075
elapsed_time_chunk=52.651574
