[results]
loss=0.082013786
err=0.9997045
elapsed_time_chunk=143.950791
