[results]
loss=0.08199701
err=0.9997099
elapsed_time_chunk=136.352607
