[results]
loss=0.08361489
err=0.9996745
elapsed_time_chunk=134.578509
