[results]
loss=0.35050318
err=0.99978215
elapsed_time_chunk=93.951122
