[results]
loss=0.08349229
err=0.999749
elapsed_time_chunk=157.909765
