[results]
loss=0.08321098
err=0.99967974
elapsed_time_chunk=144.829299
