[results]
loss=0.945208
err=0.9997748
elapsed_time_chunk=63.958426
