[results]
loss=0.08853453
err=0.99964184
elapsed_time_chunk=138.152859
