[results]
loss=0.08300906
err=0.99969083
elapsed_time_chunk=147.472926
