[results]
loss=0.08376027
err=0.99961096
elapsed_time_chunk=151.130781
