[results]
loss=0.08527383
err=0.9996816
elapsed_time_chunk=138.183285
