[results]
loss=0.08631742
err=0.99972355
elapsed_time_chunk=153.820523
