[results]
loss=0.08334749
err=0.99973243
elapsed_time_chunk=142.731425
