[results]
loss=0.085517034
err=0.9997306
elapsed_time_chunk=147.581823
