[results]
loss=0.08707487
err=0.9996793
elapsed_time_chunk=147.591347
