[results]
loss=0.0858296
err=0.9997363
elapsed_time_chunk=138.665296
