[results]
loss=0.78135276
err=0.99942374
elapsed_time_chunk=54.435772
