[results]
loss=0.08459482
err=0.9997072
elapsed_time_chunk=141.132665
