[results]
loss=0.3454714
err=0.99972963
elapsed_time_chunk=148.214904
