[results]
loss=0.08432625
err=0.9996705
elapsed_time_chunk=136.378754
