[results]
loss=0.086385995
err=0.9997453
elapsed_time_chunk=146.234700
