[results]
loss=0.3282179
err=0.99976623
elapsed_time_chunk=92.731979
