[results]
loss=0.08343116
err=0.9997141
elapsed_time_chunk=134.852763
