[results]
loss=0.08435712
err=0.9997948
elapsed_time_chunk=138.715354
