[results]
loss=0.08671866
err=0.9997468
elapsed_time_chunk=144.611137
