[results]
loss=0.083022915
err=0.99967587
elapsed_time_chunk=148.610977
