[results]
loss=0.083899476
err=0.99968165
elapsed_time_chunk=144.551011
