[results]
loss=0.08435272
err=0.9997489
elapsed_time_chunk=155.657128
