[results]
loss=0.08469908
err=0.9997874
elapsed_time_chunk=144.650051
