[results]
loss=0.3147213
err=0.9992303
elapsed_time_chunk=65.258057
