[results]
loss=0.08578051
err=0.9997497
elapsed_time_chunk=145.369220
