[results]
loss=0.0871947
err=0.99979424
elapsed_time_chunk=140.719244
