[results]
loss=0.08264655
err=0.9997408
elapsed_time_chunk=144.665489
