[results]
loss=0.08405809
err=0.99969995
elapsed_time_chunk=142.538126
