[results]
loss=0.08531413
err=0.9997354
elapsed_time_chunk=148.106428
