[results]
loss=0.73086727
err=0.9997581
elapsed_time_chunk=146.567259
