[results]
loss=0.082416914
err=0.99972904
elapsed_time_chunk=134.815395
