[results]
loss=0.30700853
err=0.99974144
elapsed_time_chunk=150.585673
