[results]
loss=0.08423039
err=0.999652
elapsed_time_chunk=150.485186
