[results]
loss=0.08587494
err=0.9997062
elapsed_time_chunk=139.750676
