[results]
loss=0.0835329
err=0.9997209
elapsed_time_chunk=150.698514
