[results]
loss=0.08531878
err=0.99967664
elapsed_time_chunk=155.747312
