[results]
loss=0.082445435
err=0.9997033
elapsed_time_chunk=144.985101
