[results]
loss=0.08559247
err=0.99970126
elapsed_time_chunk=146.514984
