[results]
loss=0.32318556
err=0.9996807
elapsed_time_chunk=70.397073
