[results]
loss=0.08635621
err=0.9996682
elapsed_time_chunk=156.479858
