[results]
loss=0.38808313
err=0.9988603
elapsed_time_chunk=90.834121
