[results]
loss=0.08155831
err=0.9998095
elapsed_time_chunk=137.312696
