[results]
loss=0.08583611
err=0.9997319
elapsed_time_chunk=147.600461
