[results]
loss=0.084993236
err=0.9997356
elapsed_time_chunk=142.546988
