[results]
loss=0.4742944
err=0.9996313
elapsed_time_chunk=91.043957
