[results]
loss=0.08611751
err=0.9997575
elapsed_time_chunk=150.516528
