[results]
loss=0.08431915
err=0.9997582
elapsed_time_chunk=142.753601
