[results]
loss=0.08563002
err=0.99974877
elapsed_time_chunk=150.202477
