[results]
loss=0.08374857
err=0.9997359
elapsed_time_chunk=137.382471
