[results]
loss=0.08481684
err=0.99972194
elapsed_time_chunk=147.712216
