[results]
loss=0.08336592
err=0.9997384
elapsed_time_chunk=152.444210
