[results]
loss=0.08388066
err=0.9996905
elapsed_time_chunk=146.922856
