[results]
loss=0.08551619
err=0.9997208
elapsed_time_chunk=132.368737
