[results]
loss=0.087139316
err=0.99978423
elapsed_time_chunk=143.331616
