[results]
loss=0.08442012
err=0.99969244
elapsed_time_chunk=138.950350
