[results]
loss=0.08576677
err=0.99974483
elapsed_time_chunk=143.262029
