[results]
loss=0.6817825
err=0.99977547
elapsed_time_chunk=147.753485
