[results]
loss=0.0857369
err=0.99971426
elapsed_time_chunk=152.418214
