[results]
loss=0.085600145
err=0.9997697
elapsed_time_chunk=138.916274
