[results]
loss=0.085707575
err=0.9997135
elapsed_time_chunk=146.961394
