[results]
loss=0.14773369
err=0.99998593
elapsed_time_chunk=54.186964
