[results]
loss=1.3005034
err=0.999769
elapsed_time_chunk=155.607358
