[results]
loss=0.083988994
err=0.999713
elapsed_time_chunk=147.338334
