[results]
loss=0.085521765
err=0.9997276
elapsed_time_chunk=153.013763
