[results]
loss=0.08556568
err=0.999733
elapsed_time_chunk=146.302761
