[results]
loss=0.08278339
err=0.999769
elapsed_time_chunk=143.628934
