[results]
loss=0.08483695
err=0.99971545
elapsed_time_chunk=142.728187
