[results]
loss=0.084362045
err=0.9997088
elapsed_time_chunk=147.537993
