[results]
loss=0.083858125
err=0.99975324
elapsed_time_chunk=150.201718
