[results]
loss=0.08250016
err=0.9997236
elapsed_time_chunk=149.546472
