[results]
loss=0.087332375
err=0.99972177
elapsed_time_chunk=147.349074
