[results]
loss=0.083250545
err=0.9997624
elapsed_time_chunk=133.078962
