[results]
loss=0.08520047
err=0.99976707
elapsed_time_chunk=142.669136
