[results]
loss=0.085833
err=0.9996413
elapsed_time_chunk=154.807412
