[results]
loss=0.08449387
err=0.9997879
elapsed_time_chunk=151.539170
