[results]
loss=0.08438787
err=0.99967676
elapsed_time_chunk=147.245764
