[results]
loss=0.08534579
err=0.99969774
elapsed_time_chunk=144.609051
