[results]
loss=0.08407613
err=0.9996435
elapsed_time_chunk=145.779596
