[results]
loss=0.08439588
err=0.9997553
elapsed_time_chunk=135.334178
