[results]
loss=0.66221786
err=0.9997502
elapsed_time_chunk=141.384148
