[results]
loss=0.08797485
err=0.99971235
elapsed_time_chunk=153.776542
