[results]
loss=0.08407705
err=0.99974036
elapsed_time_chunk=151.604916
