[results]
loss=0.08296043
err=0.9997544
elapsed_time_chunk=144.530698
