[results]
loss=0.082960404
err=0.9997597
elapsed_time_chunk=145.756593
