[results]
loss=0.4047321
err=0.99977565
elapsed_time_chunk=132.941689
