[results]
loss=0.08421605
err=0.99968565
elapsed_time_chunk=141.930545
