[results]
loss=0.084483705
err=0.9997699
elapsed_time_chunk=140.011846
