[results]
loss=0.081892215
err=0.9996898
elapsed_time_chunk=142.718997
