[results]
loss=0.08425957
err=0.99971545
elapsed_time_chunk=149.059272
