[results]
loss=0.08374279
err=0.9997456
elapsed_time_chunk=163.780804
