[results]
loss=0.08234921
err=0.99969673
elapsed_time_chunk=146.871822
