[results]
loss=0.08348753
err=0.9997684
elapsed_time_chunk=139.457279
