[results]
loss=0.08336636
err=0.99970347
elapsed_time_chunk=144.347363
