[results]
loss=0.38465476
err=0.9996565
elapsed_time_chunk=52.897826
