[results]
loss=0.082084514
err=0.9997722
elapsed_time_chunk=159.530282
