[results]
loss=0.0842
err=0.9997991
elapsed_time_chunk=153.711807
