[results]
loss=0.08642909
err=0.99973583
elapsed_time_chunk=147.304742
