[results]
loss=0.08486782
err=0.9997315
elapsed_time_chunk=151.097707
