[results]
loss=0.36239427
err=0.99961454
elapsed_time_chunk=55.183295
