[results]
loss=0.0856558
err=0.99975026
elapsed_time_chunk=140.306813
