[results]
loss=0.08315926
err=0.9997426
elapsed_time_chunk=151.372930
