[results]
loss=0.084571585
err=0.9996158
elapsed_time_chunk=140.007015
