[results]
loss=0.12282637
err=0.99984723
elapsed_time_chunk=53.117748
