[results]
loss=0.08398389
err=0.99973583
elapsed_time_chunk=143.196057
