[results]
loss=0.51746154
err=0.99975836
elapsed_time_chunk=136.221504
