[results]
loss=0.08586733
err=0.9997516
elapsed_time_chunk=149.979254
