[results]
loss=0.0854274
err=0.99966633
elapsed_time_chunk=153.010467
