[results]
loss=0.55710196
err=0.99966973
elapsed_time_chunk=94.922163
