[results]
loss=0.08450959
err=0.999749
elapsed_time_chunk=153.701746
