[results]
loss=0.086015984
err=0.9997323
elapsed_time_chunk=156.858438
