[results]
loss=0.4678514
err=0.99973816
elapsed_time_chunk=96.542322
