[results]
loss=0.08613321
err=0.9997283
elapsed_time_chunk=150.139334
