[results]
loss=0.08489327
err=0.9997026
elapsed_time_chunk=155.119804
