[results]
loss=0.08448386
err=0.9996835
elapsed_time_chunk=153.318868
