[results]
loss=0.08460062
err=0.99971825
elapsed_time_chunk=135.171500
