[results]
loss=0.083678246
err=0.9996728
elapsed_time_chunk=141.273003
