[results]
loss=0.39086294
err=0.99979556
elapsed_time_chunk=65.953927
