[results]
loss=0.086210735
err=0.99974495
elapsed_time_chunk=155.495077
