[results]
loss=0.086542726
err=0.9997008
elapsed_time_chunk=151.351718
