[results]
loss=0.08560375
err=0.99964935
elapsed_time_chunk=160.268529
