[results]
loss=0.3457152
err=0.9997052
elapsed_time_chunk=93.976667
