[results]
loss=0.0848034
err=0.99973917
elapsed_time_chunk=142.042021
