[results]
loss=0.08539797
err=0.9997524
elapsed_time_chunk=152.398361
