[results]
loss=0.08648998
err=0.9997748
elapsed_time_chunk=146.814421
