[results]
loss=0.08545256
err=0.9996886
elapsed_time_chunk=146.157999
