[results]
loss=0.08743079
err=0.9997135
elapsed_time_chunk=152.949735
