[results]
loss=0.6983211
err=0.9997524
elapsed_time_chunk=64.947503
