[results]
loss=0.0844313
err=0.999685
elapsed_time_chunk=154.142091
