[results]
loss=0.08601261
err=0.99976885
elapsed_time_chunk=148.353789
