[results]
loss=0.081053086
err=0.9996683
elapsed_time_chunk=139.134437
