[results]
loss=0.08206992
err=0.9997864
elapsed_time_chunk=137.242292
