[results]
loss=0.08293696
err=0.9996686
elapsed_time_chunk=154.370326
