[results]
loss=0.10717668
err=0.99939287
elapsed_time_chunk=47.218967
