[results]
loss=0.1084904
err=0.9998705
elapsed_time_chunk=49.874275
