[results]
loss=0.093287
err=0.9997859
elapsed_time_chunk=88.835780
