[results]
loss=0.098883875
err=0.9998363
elapsed_time_chunk=58.896961
