[results]
loss=0.1008926
err=0.99986696
elapsed_time_chunk=58.938958
