[results]
loss=0.08504983
err=0.99939704
elapsed_time_chunk=128.142355
