[results]
loss=0.08938983
err=0.9995691
elapsed_time_chunk=149.409853
