[results]
loss=0.11020061
err=0.99958086
elapsed_time_chunk=49.366491
