[results]
loss=0.11287675
err=0.99981517
elapsed_time_chunk=50.111440
