[results]
loss=0.09747823
err=0.9997266
elapsed_time_chunk=57.702658
