[results]
loss=0.13944548
err=0.99995565
elapsed_time_chunk=50.172637
