[results]
loss=0.08469167
err=0.9996952
elapsed_time_chunk=143.935447
