[results]
loss=0.08828724
err=0.9997563
elapsed_time_chunk=131.152897
