[results]
loss=0.0865965
err=0.9998235
elapsed_time_chunk=125.866653
