[results]
loss=0.09790778
err=0.9998053
elapsed_time_chunk=58.421503
