[results]
loss=0.09441929
err=0.9996968
elapsed_time_chunk=82.749478
