[results]
loss=0.08614336
err=0.999639
elapsed_time_chunk=139.540519
