[results]
loss=0.08797692
err=0.9997102
elapsed_time_chunk=131.091917
