[results]
loss=0.0834683
err=0.9996489
elapsed_time_chunk=139.315210
