[results]
loss=0.094164796
err=0.99972856
elapsed_time_chunk=86.362699
