[results]
loss=0.10207035
err=0.9997751
elapsed_time_chunk=59.443467
