[results]
loss=0.0839939
err=0.99964356
elapsed_time_chunk=138.948604
