[results]
loss=0.08686616
err=0.9997341
elapsed_time_chunk=127.499848
