[results]
loss=0.087011375
err=0.9997614
elapsed_time_chunk=132.379470
