[results]
loss=0.10286444
err=0.99977285
elapsed_time_chunk=61.487005
