[results]
loss=0.087477595
err=0.9995575
elapsed_time_chunk=144.924647
