[results]
loss=0.08605285
err=0.9995967
elapsed_time_chunk=137.904089
