[results]
loss=0.10919405
err=0.9991413
elapsed_time_chunk=51.304411
