[results]
loss=0.08768621
err=0.99971807
elapsed_time_chunk=125.397138
