[results]
loss=0.08370059
err=0.9997827
elapsed_time_chunk=119.640341
