[results]
loss=0.09500144
err=0.99983233
elapsed_time_chunk=85.109500
