[results]
loss=0.08833978
err=0.9997039
elapsed_time_chunk=123.394243
