[results]
loss=0.09113895
err=0.9997489
elapsed_time_chunk=123.691003
