[results]
loss=0.11388441
err=0.99889636
elapsed_time_chunk=47.039108
