[results]
loss=0.08478666
err=0.9996954
elapsed_time_chunk=139.223683
