[results]
loss=0.11689808
err=0.9998362
elapsed_time_chunk=50.494071
