[results]
loss=0.086414285
err=0.99972224
elapsed_time_chunk=138.280453
