[results]
loss=0.0854246
err=0.9998308
elapsed_time_chunk=140.806487
