[results]
loss=0.10082963
err=0.9998119
elapsed_time_chunk=60.421386
