[results]
loss=0.086978376
err=0.9997441
elapsed_time_chunk=134.297221
