[results]
loss=0.099851854
err=0.9997944
elapsed_time_chunk=59.489689
