[results]
loss=0.08921656
err=0.99974215
elapsed_time_chunk=135.188608
