[results]
loss=0.08552006
err=0.99975294
elapsed_time_chunk=134.454276
