[results]
loss=0.08666582
err=0.9996974
elapsed_time_chunk=136.731769
