[results]
loss=0.11932256
err=0.999808
elapsed_time_chunk=50.564844
