[results]
loss=0.08493447
err=0.9996406
elapsed_time_chunk=141.780484
