[results]
loss=0.090693794
err=0.99980587
elapsed_time_chunk=84.120399
