[results]
loss=0.105565555
err=0.9994421
elapsed_time_chunk=52.387387
