[results]
loss=0.09644756
err=0.9997042
elapsed_time_chunk=61.074557
