[results]
loss=0.087087676
err=0.9997469
elapsed_time_chunk=142.282635
