[results]
loss=0.11632017
err=0.9997133
elapsed_time_chunk=51.780051
