[results]
loss=0.09490416
err=0.99972993
elapsed_time_chunk=85.688626
