[results]
loss=0.092156515
err=0.9997968
elapsed_time_chunk=84.602762
