[results]
loss=0.10062937
err=0.999808
elapsed_time_chunk=58.133373
