[results]
loss=0.09153116
err=0.99971485
elapsed_time_chunk=138.009720
