[results]
loss=0.102197714
err=0.99960285
elapsed_time_chunk=60.647626
