[results]
loss=0.08879291
err=0.9997537
elapsed_time_chunk=142.318087
