[results]
loss=0.08525656
err=0.9995639
elapsed_time_chunk=141.488306
