[results]
loss=0.09251904
err=0.99971616
elapsed_time_chunk=87.109601
