[results]
loss=0.08516199
err=0.9996597
elapsed_time_chunk=141.804189
