[results]
loss=0.0902537
err=0.9997091
elapsed_time_chunk=114.154124
