[results]
loss=0.084301636
err=0.9996795
elapsed_time_chunk=134.965732
