[results]
loss=0.08389721
err=0.99964184
elapsed_time_chunk=137.029093
