[results]
loss=0.1219844
err=0.9999218
elapsed_time_chunk=49.420085
