[results]
loss=0.085553825
err=0.9995782
elapsed_time_chunk=145.671753
