[results]
loss=0.09520584
err=0.9998087
elapsed_time_chunk=84.026590
