[results]
loss=0.0863
err=0.9997592
elapsed_time_chunk=125.193995
