[results]
loss=0.088275105
err=0.9997457
elapsed_time_chunk=130.034331
