[results]
loss=0.11417947
err=0.99965554
elapsed_time_chunk=49.322994
