[results]
loss=0.086380646
err=0.99967134
elapsed_time_chunk=135.776093
