[results]
loss=0.085916
err=0.9996886
elapsed_time_chunk=121.938063
