[results]
loss=0.0859146
err=0.9996258
elapsed_time_chunk=123.983807
