[results]
loss=0.0872434
err=0.9996024
elapsed_time_chunk=140.705502
