[results]
loss=0.09481709
err=0.9998002
elapsed_time_chunk=85.740555
