[results]
loss=0.086052366
err=0.99976933
elapsed_time_chunk=121.554264
