[results]
loss=0.08575547
err=0.9997432
elapsed_time_chunk=142.044152
