[results]
loss=0.108021975
err=0.9995892
elapsed_time_chunk=49.632189
