[results]
loss=0.08900803
err=0.9997672
elapsed_time_chunk=121.816785
