[results]
loss=0.08564755
err=0.9997073
elapsed_time_chunk=136.544487
