[results]
loss=0.109757
err=0.99899
elapsed_time_chunk=48.819322
