[results]
loss=0.08602914
err=0.99967766
elapsed_time_chunk=139.711597
