[results]
loss=0.09358532
err=0.9998142
elapsed_time_chunk=85.968706
