[results]
loss=0.086966634
err=0.99975085
elapsed_time_chunk=134.435821
