[results]
loss=0.11506971
err=0.9998624
elapsed_time_chunk=48.284754
