[results]
loss=0.089825206
err=0.9997471
elapsed_time_chunk=89.376581
