[results]
loss=0.08799273
err=0.99979204
elapsed_time_chunk=120.930354
