[results]
loss=0.10348885
err=0.99979234
elapsed_time_chunk=61.308329
