[results]
loss=0.112464875
err=0.99982333
elapsed_time_chunk=51.383673
