[results]
loss=0.08476311
err=0.9996467
elapsed_time_chunk=140.511930
