[results]
loss=0.10483033
err=0.9996752
elapsed_time_chunk=51.918089
