[results]
loss=0.08706754
err=0.9997795
elapsed_time_chunk=126.166526
