[results]
loss=0.09431284
err=0.99969316
elapsed_time_chunk=89.805272
