[results]
loss=0.10182484
err=0.9998079
elapsed_time_chunk=60.584890
