[results]
loss=0.108785614
err=0.99964875
elapsed_time_chunk=51.533048
