[results]
loss=0.11150743
err=0.99975526
elapsed_time_chunk=48.717719
