[results]
loss=0.09241341
err=0.9997314
elapsed_time_chunk=86.627298
