[results]
loss=0.105017275
err=0.99946487
elapsed_time_chunk=51.331335
