[results]
loss=0.085914396
err=0.99967253
elapsed_time_chunk=135.402542
