[results]
loss=0.093871236
err=0.9997625
elapsed_time_chunk=88.451663
