[results]
loss=0.09214636
err=0.9998033
elapsed_time_chunk=83.193688
