[results]
loss=0.086527996
err=0.9997282
elapsed_time_chunk=134.780989
