[results]
loss=0.09113479
err=0.9997457
elapsed_time_chunk=131.473489
