[results]
loss=0.087628044
err=0.9997379
elapsed_time_chunk=143.144122
