[results]
loss=0.12916124
err=0.9998558
elapsed_time_chunk=48.870994
