[results]
loss=0.09277145
err=0.9997959
elapsed_time_chunk=82.157134
