[results]
loss=0.08528275
err=0.99956715
elapsed_time_chunk=146.566314
