[results]
loss=0.08569419
err=0.9997203
elapsed_time_chunk=131.915561
