[results]
loss=0.087173186
err=0.9996789
elapsed_time_chunk=127.672324
