[results]
loss=0.08769449
err=0.9995493
elapsed_time_chunk=140.979740
