[results]
loss=0.0958846
err=0.99977326
elapsed_time_chunk=83.884283
