[results]
loss=0.09903736
err=0.9997746
elapsed_time_chunk=60.334816
