[results]
loss=0.120449856
err=0.99988735
elapsed_time_chunk=49.595567
