[results]
loss=0.10100764
err=0.9998534
elapsed_time_chunk=60.451110
