[results]
loss=0.11590206
err=0.9998294
elapsed_time_chunk=51.201427
