[results]
loss=0.100105904
err=0.99979013
elapsed_time_chunk=61.057399
