[results]
loss=0.17204815
err=0.9999428
elapsed_time_chunk=51.474667
