[results]
loss=0.09628506
err=0.9997666
elapsed_time_chunk=88.427818
