[results]
loss=0.08504974
err=0.9996068
elapsed_time_chunk=149.001717
