[results]
loss=0.09317676
err=0.9998095
elapsed_time_chunk=86.104437
