[results]
loss=0.093510754
err=0.99981266
elapsed_time_chunk=83.478592
