[results]
loss=0.110503785
err=0.999334
elapsed_time_chunk=49.517035
