[results]
loss=0.09366359
err=0.9996792
elapsed_time_chunk=87.257970
