[results]
loss=0.08726686
err=0.99967074
elapsed_time_chunk=145.751075
