[results]
loss=0.08249896
err=0.9996477
elapsed_time_chunk=131.266138
