[results]
loss=0.09232698
err=0.9997882
elapsed_time_chunk=83.693040
