[results]
loss=0.086047284
err=0.99973834
elapsed_time_chunk=138.341916
