[results]
loss=0.10429857
err=0.9998648
elapsed_time_chunk=60.567068
