[results]
loss=0.099106826
err=0.9997726
elapsed_time_chunk=62.810469
