[results]
loss=0.08741822
err=0.9995685
elapsed_time_chunk=117.977045
