[results]
loss=0.096091956
err=0.9997627
elapsed_time_chunk=87.040711
