[results]
loss=0.0992208
err=0.9997261
elapsed_time_chunk=63.591054
