[results]
loss=0.0846075
err=0.99964
elapsed_time_chunk=147.445282
