[results]
loss=0.099608965
err=0.9997675
elapsed_time_chunk=61.499441
