[results]
loss=0.106860906
err=0.9998166
elapsed_time_chunk=46.914324
