[results]
loss=0.10892373
err=0.9998854
elapsed_time_chunk=50.221407
