[results]
loss=0.0959777
err=0.9997789
elapsed_time_chunk=88.453695
