[results]
loss=0.09673928
err=0.9997971
elapsed_time_chunk=59.704202
