[results]
loss=0.09152615
err=0.99975634
elapsed_time_chunk=84.925698
