[results]
loss=0.098400295
err=0.9998489
elapsed_time_chunk=60.580092
