[results]
loss=0.10409918
err=0.9997942
elapsed_time_chunk=61.968269
