[results]
loss=0.11557521
err=0.999838
elapsed_time_chunk=49.219809
