[results]
loss=0.08582933
err=0.99966735
elapsed_time_chunk=125.755665
