[results]
loss=0.08722715
err=0.9997123
elapsed_time_chunk=132.981762
