[results]
loss=0.087982684
err=0.9996557
elapsed_time_chunk=124.496612
