[results]
loss=0.10187421
err=0.99973685
elapsed_time_chunk=61.293125
