[results]
loss=0.10320198
err=0.99981576
elapsed_time_chunk=60.223735
