[results]
loss=0.10109474
err=0.9998663
elapsed_time_chunk=57.856849
