[results]
loss=0.10255828
err=0.9998408
elapsed_time_chunk=60.744656
