[results]
loss=0.106300056
err=0.999772
elapsed_time_chunk=48.057717
