[results]
loss=0.087926246
err=0.9997574
elapsed_time_chunk=117.676386
