[results]
loss=0.08773442
err=0.9996971
elapsed_time_chunk=141.849039
