[results]
loss=0.1371643
err=0.99998367
elapsed_time_chunk=46.649784
