[results]
loss=0.101721115
err=0.9997623
elapsed_time_chunk=60.573748
