[results]
loss=0.101164445
err=0.99980766
elapsed_time_chunk=59.930098
