[results]
loss=0.084421024
err=0.9997509
elapsed_time_chunk=139.610440
