[results]
loss=0.10032869
err=0.9998483
elapsed_time_chunk=59.876960
