[results]
loss=0.09198589
err=0.99978787
elapsed_time_chunk=84.519124
