[results]
loss=0.09817119
err=0.9998258
elapsed_time_chunk=62.550861
