[results]
loss=0.08543879
err=0.9996106
elapsed_time_chunk=127.116978
