[results]
loss=0.09996567
err=0.99974304
elapsed_time_chunk=59.631692
