[results]
loss=0.11101896
err=0.99957514
elapsed_time_chunk=47.129096
