[results]
loss=0.09360596
err=0.9996947
elapsed_time_chunk=88.077069
