[results]
loss=0.10191373
err=0.99963844
elapsed_time_chunk=62.214819
