[results]
loss=0.08622009
err=0.9996619
elapsed_time_chunk=126.886909
