[results]
loss=0.10043093
err=0.9996328
elapsed_time_chunk=64.081452
