[results]
loss=0.11784898
err=0.99985695
elapsed_time_chunk=48.308234
