[results]
loss=0.08995437
err=0.99975955
elapsed_time_chunk=124.931525
