[results]
loss=0.09867611
err=0.9998003
elapsed_time_chunk=62.459413
