[results]
loss=0.100701794
err=0.999626
elapsed_time_chunk=58.681579
