[results]
loss=0.11231819
err=0.99984264
elapsed_time_chunk=51.246602
