[results]
loss=0.10096919
err=0.99982244
elapsed_time_chunk=59.239646
