[results]
loss=0.09949987
err=0.99981576
elapsed_time_chunk=64.138513
