[results]
loss=0.086344935
err=0.99975204
elapsed_time_chunk=136.014971
