[results]
loss=0.092614144
err=0.9998085
elapsed_time_chunk=89.023827
