[results]
loss=0.107595526
err=0.99986744
elapsed_time_chunk=48.247588
