[results]
loss=0.0884402
err=0.9997973
elapsed_time_chunk=123.242186
