[results]
loss=0.08513844
err=0.9996061
elapsed_time_chunk=142.083832
