[results]
loss=0.10071333
err=0.9997532
elapsed_time_chunk=63.860348
