[results]
loss=0.13163458
err=0.99991614
elapsed_time_chunk=49.661281
