[results]
loss=0.09260694
err=0.9998003
elapsed_time_chunk=84.726448
