[results]
loss=0.1034069
err=0.99984664
elapsed_time_chunk=60.169469
