[results]
loss=0.085239895
err=0.99974537
elapsed_time_chunk=138.348632
