[results]
loss=0.09706057
err=0.99980915
elapsed_time_chunk=90.955867
