[results]
loss=0.09072157
err=0.9997073
elapsed_time_chunk=118.833841
