[results]
loss=0.0918699
err=0.9997774
elapsed_time_chunk=87.610231
