[results]
loss=0.103981264
err=0.99987835
elapsed_time_chunk=61.512953
