[results]
loss=0.10525314
err=0.9999057
elapsed_time_chunk=62.317933
