[results]
loss=0.08560793
err=0.999619
elapsed_time_chunk=143.208137
