[results]
loss=0.08814516
err=0.9997905
elapsed_time_chunk=114.191357
