[results]
loss=0.08575445
err=0.9996102
elapsed_time_chunk=131.815868
