[results]
loss=0.08992281
err=0.9997787
elapsed_time_chunk=90.136882
