[results]
loss=0.08348741
err=0.999642
elapsed_time_chunk=137.525316
