[results]
loss=0.08599724
err=0.99967355
elapsed_time_chunk=139.812527
