[results]
loss=0.086499065
err=0.99956805
elapsed_time_chunk=133.203948
