[results]
loss=0.09095231
err=0.9996981
elapsed_time_chunk=85.536384
