[results]
loss=0.1170182
err=0.99987006
elapsed_time_chunk=47.931508
