[results]
loss=0.09086568
err=0.9997894
elapsed_time_chunk=124.759452
