[results]
loss=0.08616261
err=0.999708
elapsed_time_chunk=135.837940
