[results]
loss=0.08677261
err=0.9997459
elapsed_time_chunk=124.113666
