[results]
loss=0.095244296
err=0.9997173
elapsed_time_chunk=87.547978
