[results]
loss=0.093040176
err=0.99970233
elapsed_time_chunk=88.461773
