[results]
loss=0.09623189
err=0.99969214
elapsed_time_chunk=85.608454
