[results]
loss=0.084755346
err=0.9997362
elapsed_time_chunk=135.525676
