[results]
loss=0.13047326
err=0.99989504
elapsed_time_chunk=52.022500
