[results]
loss=0.094166785
err=0.99977297
elapsed_time_chunk=82.995173
