[results]
loss=0.09976962
err=0.999819
elapsed_time_chunk=61.123598
