[results]
loss=0.086336955
err=0.99964875
elapsed_time_chunk=123.493349
