[results]
loss=0.08400361
err=0.999637
elapsed_time_chunk=134.370684
