[results]
loss=0.08764584
err=0.9996561
elapsed_time_chunk=149.102015
