[results]
loss=0.08538268
err=0.9996748
elapsed_time_chunk=139.100553
