[results]
loss=0.12213486
err=0.9999008
elapsed_time_chunk=48.146356
