[results]
loss=0.102612704
err=0.99987376
elapsed_time_chunk=60.778696
