[results]
loss=0.08737904
err=0.99966675
elapsed_time_chunk=121.323782
