[results]
loss=0.08411153
err=0.9996056
elapsed_time_chunk=126.964523
