[results]
loss=0.108325176
err=0.99939585
elapsed_time_chunk=47.913815
