[results]
loss=0.08630974
err=0.9997527
elapsed_time_chunk=141.660736
