[results]
loss=0.0938785
err=0.99980545
elapsed_time_chunk=85.102943
