[results]
loss=0.1034943
err=0.9998426
elapsed_time_chunk=60.061378
