[results]
loss=0.08499772
err=0.9997139
elapsed_time_chunk=135.734373
