[results]
loss=0.08701662
err=0.99972576
elapsed_time_chunk=137.444571
