[results]
loss=0.08718576
err=0.9997444
elapsed_time_chunk=126.102945
