[results]
loss=0.09790269
err=0.99980086
elapsed_time_chunk=90.149146
