[results]
loss=0.08350483
err=0.9996996
elapsed_time_chunk=129.676529
