[results]
loss=0.09356303
err=0.9998061
elapsed_time_chunk=81.756857
