[results]
loss=0.08598511
err=0.99969417
elapsed_time_chunk=130.800939
