[results]
loss=0.112434395
err=0.9998327
elapsed_time_chunk=49.466644
