[results]
loss=0.08984984
err=0.9996956
elapsed_time_chunk=126.494551
