[results]
loss=0.09424468
err=0.9996689
elapsed_time_chunk=88.235126
