[results]
loss=0.0846518
err=0.9997758
elapsed_time_chunk=148.674769
