[results]
loss=0.093023494
err=0.99975497
elapsed_time_chunk=82.181173
