[results]
loss=0.08657394
err=0.99967074
elapsed_time_chunk=142.943721
