[results]
loss=0.08485033
err=0.9996911
elapsed_time_chunk=132.956390
