[results]
loss=0.09065256
err=0.9997594
elapsed_time_chunk=82.496032
