[results]
loss=0.10007551
err=0.9997714
elapsed_time_chunk=62.432489
