[results]
loss=0.08468152
err=0.99977183
elapsed_time_chunk=140.219995
