[results]
loss=0.08382766
err=0.9997203
elapsed_time_chunk=145.308722
