[results]
loss=0.08609165
err=0.99941814
elapsed_time_chunk=138.677202
