[results]
loss=0.09281925
err=0.99980557
elapsed_time_chunk=88.690943
