[results]
loss=0.085636996
err=0.99968344
elapsed_time_chunk=154.069808
