[results]
loss=0.09999207
err=0.99982774
elapsed_time_chunk=60.541975
