[results]
loss=0.096710004
err=0.99979025
elapsed_time_chunk=86.241955
