[results]
loss=0.10073843
err=0.99978125
elapsed_time_chunk=57.860677
