[results]
loss=0.08380091
err=0.99971306
elapsed_time_chunk=139.964082
