[results]
loss=0.09564275
err=0.99978226
elapsed_time_chunk=84.048902
