[results]
loss=0.086283684
err=0.9996054
elapsed_time_chunk=140.235940
