[results]
loss=0.11063452
err=0.99970555
elapsed_time_chunk=48.639490
