[results]
loss=0.11699896
err=0.99981356
elapsed_time_chunk=50.110654
