[results]
loss=0.11033743
err=0.99975044
elapsed_time_chunk=50.626176
