[results]
loss=0.090098
err=0.99966985
elapsed_time_chunk=125.906229
