[results]
loss=0.089425616
err=0.999749
elapsed_time_chunk=124.158953
