[results]
loss=0.11400173
err=0.9997788
elapsed_time_chunk=51.341201
