[results]
loss=0.08854027
err=0.9997212
elapsed_time_chunk=128.214495
