[results]
loss=0.08725067
err=0.99964994
elapsed_time_chunk=153.530030
