[results]
loss=0.0878149
err=0.99971133
elapsed_time_chunk=122.016475
