[results]
loss=0.08587338
err=0.9996863
elapsed_time_chunk=128.567858
