[results]
loss=0.10620298
err=0.9998561
elapsed_time_chunk=47.961579
