[results]
loss=0.08294629
err=0.999766
elapsed_time_chunk=133.996958
