[results]
loss=0.08584933
err=0.99973
elapsed_time_chunk=136.239594
