[results]
loss=0.087420985
err=0.9997772
elapsed_time_chunk=127.217495
