[results]
loss=0.088616654
err=0.9997465
elapsed_time_chunk=133.811096
