[results]
loss=0.08786358
err=0.9997693
elapsed_time_chunk=124.121455
