[results]
loss=0.106674984
err=0.9998427
elapsed_time_chunk=61.039563
