[results]
loss=0.09122942
err=0.99976856
elapsed_time_chunk=87.452653
