[results]
loss=0.100365154
err=0.99934274
elapsed_time_chunk=59.349583
