[results]
loss=0.12028386
err=0.9998375
elapsed_time_chunk=47.644504
