[results]
loss=0.09680759
err=0.9997786
elapsed_time_chunk=58.932241
