[results]
loss=0.09305218
err=0.99984723
elapsed_time_chunk=87.311836
