[results]
loss=0.08634492
err=0.999723
elapsed_time_chunk=124.234550
