[results]
loss=0.09036902
err=0.99973875
elapsed_time_chunk=117.296661
