[results]
loss=0.08674635
err=0.99973536
elapsed_time_chunk=142.436910
