[results]
loss=0.083662145
err=0.9996697
elapsed_time_chunk=139.686369
