[results]
loss=0.08488428
err=0.99983525
elapsed_time_chunk=143.732594
