[results]
loss=0.08568522
err=0.99968684
elapsed_time_chunk=140.275636
