[results]
loss=0.087656245
err=0.9997133
elapsed_time_chunk=124.658615
