[results]
loss=0.10708986
err=0.9994049
elapsed_time_chunk=48.346332
