[results]
loss=0.095364265
err=0.99986047
elapsed_time_chunk=89.265849
