[results]
loss=0.088136256
err=0.9995957
elapsed_time_chunk=144.482102
