[results]
loss=0.093628675
err=0.9997041
elapsed_time_chunk=88.395501
