[results]
loss=0.08636462
err=0.99973786
elapsed_time_chunk=127.064983
