[results]
loss=0.10778487
err=0.9996692
elapsed_time_chunk=46.215657
