[results]
loss=0.08670236
err=0.9996993
elapsed_time_chunk=144.641989
