[results]
loss=0.08506024
err=0.99969304
elapsed_time_chunk=133.291420
