[results]
loss=0.10872041
err=0.9995468
elapsed_time_chunk=48.403123
