[results]
loss=0.098771326
err=0.9997645
elapsed_time_chunk=59.110181
