[results]
loss=0.09932817
err=0.9996889
elapsed_time_chunk=61.497818
