[results]
loss=0.09279599
err=0.9997145
elapsed_time_chunk=85.311500
