[results]
loss=0.10510508
err=0.9997801
elapsed_time_chunk=47.799271
