[results]
loss=0.10071739
err=0.9998236
elapsed_time_chunk=62.409195
