[results]
loss=0.09441354
err=0.99978375
elapsed_time_chunk=82.095455
