[results]
loss=0.08802378
err=0.9996355
elapsed_time_chunk=137.821268
