[results]
loss=0.09541413
err=0.999389
elapsed_time_chunk=86.265944
