[results]
loss=0.084773906
err=0.99967694
elapsed_time_chunk=139.155038
