[results]
loss=0.084370516
err=0.99968314
elapsed_time_chunk=139.286435
