[results]
loss=0.0843947
err=0.9996601
elapsed_time_chunk=142.435209
