[results]
loss=0.09385779
err=0.99974984
elapsed_time_chunk=88.223360
