[results]
loss=0.11695795
err=0.9997267
elapsed_time_chunk=48.426211
