[results]
loss=0.08707795
err=0.99958915
elapsed_time_chunk=144.074080
