[results]
loss=0.08746239
err=0.99977314
elapsed_time_chunk=125.623999
