[results]
loss=0.0859536
err=0.9996824
elapsed_time_chunk=146.104920
