[results]
loss=0.12658091
err=0.9998432
elapsed_time_chunk=49.760162
