[results]
loss=0.08435003
err=0.9996686
elapsed_time_chunk=136.364117
