[results]
loss=0.093442775
err=0.9997891
elapsed_time_chunk=89.868959
