[results]
loss=0.10908159
err=0.9997055
elapsed_time_chunk=49.766758
