[results]
loss=0.09794186
err=0.99980766
elapsed_time_chunk=62.086080
