[results]
loss=0.10255249
err=0.9997995
elapsed_time_chunk=61.372684
