[results]
loss=0.08527002
err=0.9995496
elapsed_time_chunk=141.313998
