[results]
loss=0.085247636
err=0.9997041
elapsed_time_chunk=130.399071
