[results]
loss=0.08561594
err=0.9997524
elapsed_time_chunk=137.359313
