[results]
loss=0.08634634
err=0.99970937
elapsed_time_chunk=136.184046
