[results]
loss=0.1088472
err=0.9996691
elapsed_time_chunk=49.657457
