[results]
loss=0.08614505
err=0.9996435
elapsed_time_chunk=135.102966
