[results]
loss=0.085632704
err=0.9996721
elapsed_time_chunk=124.964114
