[results]
loss=0.0880215
err=0.99965894
elapsed_time_chunk=137.439324
