[results]
loss=0.10283434
err=0.9998215
elapsed_time_chunk=61.076144
