[results]
loss=0.110101745
err=0.9989253
elapsed_time_chunk=48.630723
