[results]
loss=0.085648544
err=0.9997107
elapsed_time_chunk=134.419009
