[results]
loss=0.087644905
err=0.9997363
elapsed_time_chunk=123.306457
