[results]
loss=0.08523853
err=0.9996179
elapsed_time_chunk=140.407000
