[results]
loss=0.09317533
err=0.99967366
elapsed_time_chunk=131.476374
