[results]
loss=0.111325055
err=0.99929744
elapsed_time_chunk=48.505792
