[results]
loss=0.0861341
err=0.99963117
elapsed_time_chunk=134.049207
