[results]
loss=0.0975935
err=0.99977416
elapsed_time_chunk=84.903019
