[results]
loss=0.08519677
err=0.9997794
elapsed_time_chunk=143.163393
