[results]
loss=0.08316823
err=0.9996593
elapsed_time_chunk=142.654167
