[results]
loss=0.08774139
err=0.99969965
elapsed_time_chunk=128.134669
