[results]
loss=0.08781793
err=0.99960375
elapsed_time_chunk=120.751772
