[results]
loss=0.086992465
err=0.99971014
elapsed_time_chunk=144.477720
