[results]
loss=0.0838002
err=0.9996853
elapsed_time_chunk=141.972162
