[results]
loss=0.09216328
err=0.99979466
elapsed_time_chunk=84.819508
