[results]
loss=0.106223315
err=0.9998356
elapsed_time_chunk=61.677454
