[results]
loss=0.086607814
err=0.9996543
elapsed_time_chunk=144.997479
