[results]
loss=0.10546942
err=0.9996596
elapsed_time_chunk=48.824012
