[results]
loss=0.0937197
err=0.9997701
elapsed_time_chunk=84.301246
