[results]
loss=0.10245744
err=0.9998296
elapsed_time_chunk=65.452498
