[results]
loss=0.10159495
err=0.99984187
elapsed_time_chunk=61.340809
