[results]
loss=0.08589835
err=0.9997681
elapsed_time_chunk=138.585547
