[results]
loss=0.09175952
err=0.999738
elapsed_time_chunk=82.748759
