[results]
loss=0.08425744
err=0.99959946
elapsed_time_chunk=144.417169
