[results]
loss=0.08987934
err=0.99972826
elapsed_time_chunk=118.365486
