[results]
loss=0.11269509
err=0.9998179
elapsed_time_chunk=51.301030
