[results]
loss=0.10057332
err=0.999788
elapsed_time_chunk=59.772998
