[results]
loss=0.08897449
err=0.9996752
elapsed_time_chunk=117.025249
