[results]
loss=0.08653022
err=0.99978775
elapsed_time_chunk=129.056872
