[results]
loss=0.108550765
err=0.99968886
elapsed_time_chunk=52.678612
