[results]
loss=0.112884186
err=0.9993543
elapsed_time_chunk=49.640947
