[results]
loss=0.08652964
err=0.9996591
elapsed_time_chunk=143.491651
