[results]
loss=0.10206758
err=0.9998386
elapsed_time_chunk=64.765388
