[results]
loss=0.08636294
err=0.9996627
elapsed_time_chunk=140.744797
