[results]
loss=0.10939426
err=0.99965185
elapsed_time_chunk=50.956294
