[results]
loss=0.090080306
err=0.9996893
elapsed_time_chunk=132.287704
