[results]
loss=0.10340514
err=0.9997835
elapsed_time_chunk=64.020380
