[results]
loss=0.08534513
err=0.9996985
elapsed_time_chunk=139.501369
