[results]
loss=0.08692277
err=0.9996437
elapsed_time_chunk=129.535188
