[results]
loss=0.10050349
err=0.99981165
elapsed_time_chunk=62.061150
