[results]
loss=0.08586188
err=0.9997546
elapsed_time_chunk=144.273991
