[results]
loss=0.08495169
err=0.99973696
elapsed_time_chunk=138.539378
