[results]
loss=0.08498964
err=0.99948543
elapsed_time_chunk=125.598461
