[results]
loss=0.084705025
err=0.99974924
elapsed_time_chunk=116.786296
