[results]
loss=0.11230453
err=0.99979985
elapsed_time_chunk=47.359700
