[results]
loss=0.08996713
err=0.9997607
elapsed_time_chunk=129.135941
