[results]
loss=0.12425672
err=0.9998984
elapsed_time_chunk=48.049705
