[results]
loss=0.114939705
err=0.99972004
elapsed_time_chunk=48.736551
