[results]
loss=0.08679045
err=0.9997308
elapsed_time_chunk=113.096049
