[results]
loss=0.08969667
err=0.9996848
elapsed_time_chunk=126.535496
