[results]
loss=0.08664511
err=0.9996702
elapsed_time_chunk=137.932443
