[results]
loss=0.089591764
err=0.9996172
elapsed_time_chunk=124.585843
