[results]
loss=0.08833807
err=0.9997734
elapsed_time_chunk=123.339196
