[results]
loss=0.08659522
err=0.9997225
elapsed_time_chunk=135.804582
