[results]
loss=0.10997117
err=0.999081
elapsed_time_chunk=50.348988
