[results]
loss=0.09240163
err=0.99972296
elapsed_time_chunk=127.474999
