[results]
loss=0.092453964
err=0.99965787
elapsed_time_chunk=84.549115
