[results]
loss=0.0905482
err=0.9998238
elapsed_time_chunk=87.896989
