[results]
loss=0.08498919
err=0.9996171
elapsed_time_chunk=142.769598
