[results]
loss=0.102935314
err=0.99984926
elapsed_time_chunk=59.281533
