[results]
loss=0.13178262
err=0.9999146
elapsed_time_chunk=49.219252
