[results]
loss=0.086176775
err=0.9995664
elapsed_time_chunk=137.642853
