[results]
loss=0.08661809
err=0.99957633
elapsed_time_chunk=142.527538
