[results]
loss=0.110927105
err=0.99959373
elapsed_time_chunk=49.234532
