[results]
loss=0.08756766
err=0.9996768
elapsed_time_chunk=142.277677
