[results]
loss=0.10084116
err=0.99982715
elapsed_time_chunk=62.253045
