[results]
loss=0.096562825
err=0.9997437
elapsed_time_chunk=84.365969
