[results]
loss=0.08860164
err=0.9997306
elapsed_time_chunk=128.346491
