[results]
loss=0.08612228
err=0.99967766
elapsed_time_chunk=145.044507
