[results]
loss=0.08889768
err=0.9996902
elapsed_time_chunk=128.777189
