[results]
loss=0.09252796
err=0.99974895
elapsed_time_chunk=84.738452
