[results]
loss=0.09626981
err=0.99978924
elapsed_time_chunk=83.663200
