[results]
loss=0.091009066
err=0.99977624
elapsed_time_chunk=131.207801
