[results]
loss=0.10140998
err=0.9997869
elapsed_time_chunk=59.975682
