[results]
loss=0.0855107
err=0.99957913
elapsed_time_chunk=145.697485
