[results]
loss=0.088321
err=0.9997537
elapsed_time_chunk=116.532915
