[results]
loss=0.08923511
err=0.9997103
elapsed_time_chunk=123.986809
