[results]
loss=0.08662021
err=0.99973047
elapsed_time_chunk=127.791875
