[results]
loss=0.10115887
err=0.99979496
elapsed_time_chunk=58.121903
