[results]
loss=0.08634646
err=0.99965435
elapsed_time_chunk=137.589635
