[results]
loss=0.08804619
err=0.9997613
elapsed_time_chunk=132.597684
