[results]
loss=0.08840991
err=0.99974346
elapsed_time_chunk=140.690479
