[results]
loss=0.10946817
err=0.99961394
elapsed_time_chunk=49.960394
