[results]
loss=0.084165
err=0.99968284
elapsed_time_chunk=137.068206
