[results]
loss=0.09948683
err=0.99974936
elapsed_time_chunk=60.365648
