[results]
loss=0.084523626
err=0.99972546
elapsed_time_chunk=144.817097
