[results]
loss=0.09443198
err=0.99978095
elapsed_time_chunk=84.546387
