[results]
loss=0.08788046
err=0.99960345
elapsed_time_chunk=143.447657
