[results]
loss=0.09275558
err=0.99961984
elapsed_time_chunk=86.835393
