[results]
loss=0.092757545
err=0.9998221
elapsed_time_chunk=84.819191
