[results]
loss=0.08860409
err=0.9997419
elapsed_time_chunk=127.955513
