[results]
loss=0.09156601
err=0.99967486
elapsed_time_chunk=129.162141
