[results]
loss=0.08633968
err=0.99954706
elapsed_time_chunk=144.164578
