[results]
loss=0.084874526
err=0.9995812
elapsed_time_chunk=131.669892
