[results]
loss=0.08737492
err=0.9997702
elapsed_time_chunk=125.259555
