[results]
loss=0.0896974
err=0.9997526
elapsed_time_chunk=84.162351
