[results]
loss=0.091176346
err=0.9997901
elapsed_time_chunk=130.466451
