[results]
loss=0.0862084
err=0.99943376
elapsed_time_chunk=129.733345
