[results]
loss=0.09127554
err=0.9997048
elapsed_time_chunk=87.851863
