[results]
loss=0.08867544
err=0.9998237
elapsed_time_chunk=127.365911
