[results]
loss=0.11641943
err=0.99986124
elapsed_time_chunk=48.517203
