[results]
loss=0.09405612
err=0.99977285
elapsed_time_chunk=88.737394
