[results]
loss=0.10158407
err=0.99977076
elapsed_time_chunk=59.629178
