[results]
loss=0.10805212
err=0.99838513
elapsed_time_chunk=52.054003
