[results]
loss=0.086833864
err=0.99972063
elapsed_time_chunk=136.872164
