[results]
loss=0.09821098
err=0.9998167
elapsed_time_chunk=60.476865
