[results]
loss=0.12687682
err=0.99989015
elapsed_time_chunk=49.855058
