[results]
loss=0.10392092
err=0.99965376
elapsed_time_chunk=63.499039
