[results]
loss=0.08841094
err=0.99974287
elapsed_time_chunk=125.229130
