[results]
loss=0.09119007
err=0.99977136
elapsed_time_chunk=86.711991
