[results]
loss=0.08852187
err=0.99980396
elapsed_time_chunk=124.417757
