[results]
loss=0.08773187
err=0.9997864
elapsed_time_chunk=119.749469
