[results]
loss=0.08765691
err=0.99970686
elapsed_time_chunk=132.585822
