[results]
loss=0.087512806
err=0.99972
elapsed_time_chunk=135.020151
