[results]
loss=0.08777358
err=0.9997258
elapsed_time_chunk=141.319956
