[results]
loss=0.09762555
err=0.9996177
elapsed_time_chunk=60.851116
