[results]
loss=0.08490297
err=0.999713
elapsed_time_chunk=138.815106
