[results]
loss=0.09980709
err=0.9997649
elapsed_time_chunk=60.882498
