[results]
loss=0.109849885
err=0.9997661
elapsed_time_chunk=47.959960
