[results]
loss=0.09400989
err=0.9997356
elapsed_time_chunk=87.084199
