[results]
loss=0.095380425
err=0.99977577
elapsed_time_chunk=84.410939
