[results]
loss=0.086187296
err=0.99956137
elapsed_time_chunk=128.458321
