[results]
loss=0.09378485
err=0.9998193
elapsed_time_chunk=85.179529
