[results]
loss=0.08553039
err=0.9997235
elapsed_time_chunk=136.834052
