[results]
loss=0.08373495
err=0.9997616
elapsed_time_chunk=135.187829
