[results]
loss=0.118600726
err=0.9999027
elapsed_time_chunk=50.260058
