[results]
loss=0.08427618
err=0.9997851
elapsed_time_chunk=130.477233
