[results]
loss=0.0847148
err=0.99967504
elapsed_time_chunk=140.570351
