[results]
loss=0.09026128
err=0.9998168
elapsed_time_chunk=118.424371
