[results]
loss=0.08555001
err=0.9997297
elapsed_time_chunk=140.331627
