[results]
loss=0.108966894
err=0.99951917
elapsed_time_chunk=48.692133
