[results]
loss=0.09318031
err=0.999715
elapsed_time_chunk=85.911011
