[results]
loss=0.09345812
err=0.999801
elapsed_time_chunk=86.762594
