[results]
loss=0.0875796
err=0.99981415
elapsed_time_chunk=132.534159
