[results]
loss=0.085639134
err=0.9996111
elapsed_time_chunk=146.681349
