[results]
loss=0.09334172
err=0.9997298
elapsed_time_chunk=85.367219
