[results]
loss=0.10014873
err=0.9998345
elapsed_time_chunk=59.486554
