[results]
loss=0.09828728
err=0.99978226
elapsed_time_chunk=60.768822
