[results]
loss=0.087352835
err=0.999678
elapsed_time_chunk=132.695005
