[results]
loss=0.14838506
err=0.9999874
elapsed_time_chunk=45.945658
