[results]
loss=0.106360205
err=0.99978304
elapsed_time_chunk=48.037771
