[results]
loss=0.09944314
err=0.9998194
elapsed_time_chunk=60.496622
