[results]
loss=0.10243121
err=0.9996899
elapsed_time_chunk=61.741294
