[results]
loss=0.11241582
err=0.9998285
elapsed_time_chunk=48.391803
