[results]
loss=0.09413794
err=0.9998489
elapsed_time_chunk=83.181984
