[results]
loss=0.109921955
err=0.9983596
elapsed_time_chunk=49.148992
