[results]
loss=0.087790504
err=0.99970746
elapsed_time_chunk=125.679575
