[results]
loss=0.086497635
err=0.999754
elapsed_time_chunk=141.136002
