[results]
loss=0.090379104
err=0.9997599
elapsed_time_chunk=80.523676
