[results]
loss=0.09855061
err=0.9998066
elapsed_time_chunk=59.177428
