[results]
loss=0.105786495
err=0.9996409
elapsed_time_chunk=50.452332
