[results]
loss=0.08671715
err=0.99954915
elapsed_time_chunk=140.150240
