[results]
loss=0.08838381
err=0.99976784
elapsed_time_chunk=133.716888
