[results]
loss=0.09072169
err=0.99964035
elapsed_time_chunk=87.122307
