[results]
loss=0.08921873
err=0.9997194
elapsed_time_chunk=126.187957
