[results]
loss=0.09014054
err=0.9997097
elapsed_time_chunk=134.713954
