[results]
loss=0.08673399
err=0.99961257
elapsed_time_chunk=135.141638
