[results]
loss=0.08783324
err=0.99965227
elapsed_time_chunk=133.182869
