[results]
loss=0.1218672
err=0.9998139
elapsed_time_chunk=48.813840
