[results]
loss=0.090463944
err=0.99976754
elapsed_time_chunk=142.153205
