[results]
loss=0.083388895
err=0.9996543
elapsed_time_chunk=131.782254
