[results]
loss=0.08603618
err=0.99969655
elapsed_time_chunk=142.363231
