[results]
loss=0.102119535
err=0.99988276
elapsed_time_chunk=59.372226
