[results]
loss=0.08912533
err=0.99979174
elapsed_time_chunk=133.078783
