[results]
loss=0.0867815
err=0.9997331
elapsed_time_chunk=120.959202
