[results]
loss=0.09490392
err=0.99976283
elapsed_time_chunk=86.360075
