[results]
loss=0.08693763
err=0.99977237
elapsed_time_chunk=141.719684
