[results]
loss=0.09643975
err=0.99983037
elapsed_time_chunk=87.305228
