[results]
loss=0.111968316
err=0.99988925
elapsed_time_chunk=51.356327
