[results]
loss=0.087534666
err=0.9996732
elapsed_time_chunk=142.514512
