[results]
loss=0.083604574
err=0.99976814
elapsed_time_chunk=137.082731
