[results]
loss=0.08622078
err=0.9996955
elapsed_time_chunk=144.342728
