[results]
loss=0.08563057
err=0.9997135
elapsed_time_chunk=140.600766
