[results]
loss=0.08704554
err=0.99971557
elapsed_time_chunk=122.416526
