[results]
loss=0.08547227
err=0.99960023
elapsed_time_chunk=135.448080
