[results]
loss=0.08608686
err=0.9996765
elapsed_time_chunk=118.622066
