[results]
loss=0.08905105
err=0.9997355
elapsed_time_chunk=131.465213
