[results]
loss=0.08426577
err=0.9995617
elapsed_time_chunk=138.235967
