[results]
loss=0.111244135
err=0.996378
elapsed_time_chunk=47.735612
