[results]
loss=0.102144435
err=0.9997859
elapsed_time_chunk=60.047829
