[results]
loss=0.106865704
err=0.9998455
elapsed_time_chunk=50.016871
