[results]
loss=0.08619984
err=0.99972683
elapsed_time_chunk=150.091196
