[results]
loss=0.097237654
err=0.99977547
elapsed_time_chunk=90.548815
