[results]
loss=0.08427463
err=0.999591
elapsed_time_chunk=139.491830
