[results]
loss=0.08778734
err=0.9996918
elapsed_time_chunk=139.882148
