[results]
loss=0.085377365
err=0.99970484
elapsed_time_chunk=136.557720
