[results]
loss=0.101460114
err=0.99980366
elapsed_time_chunk=62.775193
