[results]
loss=0.100205496
err=0.99983627
elapsed_time_chunk=59.429637
