[results]
loss=0.12060189
err=0.9998087
elapsed_time_chunk=51.806766
