[results]
loss=0.09365019
err=0.99970245
elapsed_time_chunk=87.551311
