[results]
loss=0.08747289
err=0.99964976
elapsed_time_chunk=145.604982
