[results]
loss=0.0835759
err=0.9996424
elapsed_time_chunk=135.574080
