[results]
loss=0.11135916
err=0.99952537
elapsed_time_chunk=48.597403
