[results]
loss=0.11690311
err=0.999789
elapsed_time_chunk=49.114347
