[results]
loss=0.10225392
err=0.99958664
elapsed_time_chunk=59.930210
