[results]
loss=0.08808817
err=0.99970585
elapsed_time_chunk=139.025036
