[results]
loss=0.09099315
err=0.99976826
elapsed_time_chunk=119.720311
