[results]
loss=0.09061487
err=0.9997472
elapsed_time_chunk=85.633681
