[results]
loss=0.084615
err=0.999662
elapsed_time_chunk=138.689925
