[results]
loss=0.08718277
err=0.9997439
elapsed_time_chunk=114.601339
