[results]
loss=0.08670639
err=0.9995797
elapsed_time_chunk=136.324149
