[results]
loss=0.10486561
err=0.9996162
elapsed_time_chunk=60.832347
