[results]
loss=0.08651946
err=0.99972624
elapsed_time_chunk=127.042885
