[results]
loss=0.08769153
err=0.9996022
elapsed_time_chunk=138.914674
