[results]
loss=0.086983934
err=0.9996115
elapsed_time_chunk=149.073222
