[results]
loss=0.08770841
err=0.9997052
elapsed_time_chunk=135.811140
