[results]
loss=0.10995764
err=0.99976313
elapsed_time_chunk=48.926557
