[results]
loss=0.08534369
err=0.9996348
elapsed_time_chunk=127.152217
