[results]
loss=0.08999877
err=0.99973834
elapsed_time_chunk=123.669343
