[results]
loss=0.09301693
err=0.9997476
elapsed_time_chunk=85.846179
