[results]
loss=0.10088482
err=0.99966365
elapsed_time_chunk=61.930554
