[results]
loss=0.086382434
err=0.99976224
elapsed_time_chunk=128.966600
