[results]
loss=0.10874632
err=0.9997276
elapsed_time_chunk=48.758341
