[results]
loss=0.08510357
err=0.99967617
elapsed_time_chunk=132.895917
