[results]
loss=0.08350305
err=0.99977535
elapsed_time_chunk=126.424131
