[results]
loss=0.102766275
err=0.9996737
elapsed_time_chunk=62.598281
