[results]
loss=0.08652191
err=0.999668
elapsed_time_chunk=128.361954
