[results]
loss=0.09543554
err=0.9998331
elapsed_time_chunk=89.418418
