[results]
loss=0.0854122
err=0.9997595
elapsed_time_chunk=150.680595
