[results]
loss=0.0854287
err=0.9996907
elapsed_time_chunk=142.348278
