[results]
loss=0.11105634
err=0.99986976
elapsed_time_chunk=48.409348
