[results]
loss=0.09729221
err=0.99982643
elapsed_time_chunk=60.565314
