[results]
loss=0.1009786
err=0.99977404
elapsed_time_chunk=58.532838
