[results]
loss=0.10003486
err=0.9998508
elapsed_time_chunk=60.299405
