[results]
loss=0.09540742
err=0.999825
elapsed_time_chunk=86.437126
