[results]
loss=0.09076852
err=0.9997607
elapsed_time_chunk=83.138140
