[results]
loss=2.412475
err=0.4037977
elapsed_time_chunk=160.348553
