[results]
loss=2.9595113
err=0.481524
elapsed_time_chunk=101.762145
