[results]
loss=3.196024
err=0.509576
elapsed_time_chunk=68.285741
