[results]
loss=3.3167064
err=0.50924236
elapsed_time_chunk=68.865641
