[results]
loss=2.7330556
err=0.4497787
elapsed_time_chunk=142.919297
