[results]
loss=3.2549634
err=0.5147815
elapsed_time_chunk=69.375200
