[results]
loss=2.4614878
err=0.419751
elapsed_time_chunk=158.176624
