[results]
loss=3.2682538
err=0.5177339
elapsed_time_chunk=71.526136
