[results]
loss=2.4037206
err=0.4106181
elapsed_time_chunk=163.108496
