[results]
loss=2.40125
err=0.40899655
elapsed_time_chunk=153.996998
