[results]
loss=2.7087317
err=0.44658914
elapsed_time_chunk=151.615520
