[results]
loss=2.3626668
err=0.40404674
elapsed_time_chunk=159.285898
