[results]
loss=3.9350789
err=0.59418184
elapsed_time_chunk=55.866696
