[results]
loss=2.486326
err=0.41358206
elapsed_time_chunk=155.890795
