[results]
loss=2.66052
err=0.43132535
elapsed_time_chunk=145.710720
