[results]
loss=2.3376687
err=0.39884096
elapsed_time_chunk=152.446444
