[results]
loss=2.3501132
err=0.40338176
elapsed_time_chunk=148.422929
