[results]
loss=2.4965365
err=0.4140331
elapsed_time_chunk=166.990674
