[results]
loss=2.31607
err=0.40168083
elapsed_time_chunk=155.723760
