[results]
loss=3.416582
err=0.5301589
elapsed_time_chunk=69.254630
