[results]
loss=2.6301675
err=0.43809503
elapsed_time_chunk=141.574205
