[results]
loss=2.6981213
err=0.4406129
elapsed_time_chunk=141.038322
