[results]
loss=2.472274
err=0.40845364
elapsed_time_chunk=161.599920
