[results]
loss=2.492529
err=0.41801316
elapsed_time_chunk=158.177689
