[results]
loss=4.6028996
err=0.6695461
elapsed_time_chunk=55.030315
