[results]
loss=2.739607
err=0.45490336
elapsed_time_chunk=138.876492
