[results]
loss=2.5428655
err=0.41574126
elapsed_time_chunk=160.081815
