[results]
loss=2.3468044
err=0.39841962
elapsed_time_chunk=164.000889
