[results]
loss=3.4853556
err=0.54510725
elapsed_time_chunk=70.982141
