[results]
loss=2.4751952
err=0.41658187
elapsed_time_chunk=146.525709
