[results]
loss=2.4824204
err=0.41374293
elapsed_time_chunk=156.743260
