[results]
loss=2.3564167
err=0.40264204
elapsed_time_chunk=156.835453
