[results]
loss=2.464548
err=0.41028818
elapsed_time_chunk=157.528554
