[results]
loss=2.4516146
err=0.41135976
elapsed_time_chunk=156.779621
