[results]
loss=2.3334422
err=0.39644268
elapsed_time_chunk=147.905268
