[results]
loss=2.8074467
err=0.45335832
elapsed_time_chunk=132.815356
