[results]
loss=3.1078246
err=0.4967461
elapsed_time_chunk=99.352382
