[results]
loss=2.66648
err=0.44317183
elapsed_time_chunk=148.692105
