[results]
loss=3.388933
err=0.52895534
elapsed_time_chunk=71.398024
