[results]
loss=2.899386
err=0.4708525
elapsed_time_chunk=97.579373
