[results]
loss=3.2623384
err=0.5044527
elapsed_time_chunk=69.767678
