[results]
loss=2.54201
err=0.41980767
elapsed_time_chunk=158.850694
