[results]
loss=2.4097111
err=0.40325376
elapsed_time_chunk=144.125608
