[results]
loss=4.2718096
err=0.63146126
elapsed_time_chunk=57.957318
