[results]
loss=3.2587826
err=0.5031067
elapsed_time_chunk=100.038858
