[results]
loss=4.1240244
err=0.61323327
elapsed_time_chunk=56.717615
