[results]
loss=5.3002677
err=0.7320945
elapsed_time_chunk=54.929501
