[results]
loss=2.9701405
err=0.48213252
elapsed_time_chunk=96.185785
