[results]
loss=2.391031
err=0.39847374
elapsed_time_chunk=155.513320
