[results]
loss=2.498841
err=0.41955003
elapsed_time_chunk=164.805402
