[results]
loss=2.4156253
err=0.40822148
elapsed_time_chunk=167.515346
