[results]
loss=2.3444746
err=0.39317188
elapsed_time_chunk=156.496707
