[results]
loss=2.538468
err=0.42321673
elapsed_time_chunk=165.239142
