[results]
loss=3.0448165
err=0.49124134
elapsed_time_chunk=98.227610
