[results]
loss=2.792304
err=0.45278004
elapsed_time_chunk=141.690594
