[results]
loss=2.349498
err=0.3961556
elapsed_time_chunk=157.966507
