[results]
loss=2.3579626
err=0.40242204
elapsed_time_chunk=158.309142
