[results]
loss=4.9627295
err=0.6997591
elapsed_time_chunk=59.696595
