[results]
loss=2.4345365
err=0.41162235
elapsed_time_chunk=149.298117
