[results]
loss=2.8836303
err=0.4718744
elapsed_time_chunk=100.310090
