[results]
loss=3.7128098
err=0.5751992
elapsed_time_chunk=54.309375
