[results]
loss=4.2791147
err=0.62743956
elapsed_time_chunk=58.694503
