[results]
loss=2.393385
err=0.4079717
elapsed_time_chunk=153.868015
