[results]
loss=2.9053667
err=0.47837436
elapsed_time_chunk=92.551333
