[results]
loss=4.005511
err=0.5970149
elapsed_time_chunk=56.648721
