[results]
loss=4.0627594
err=0.60546297
elapsed_time_chunk=56.231604
