[results]
loss=2.6988983
err=0.4494611
elapsed_time_chunk=139.456895
