[results]
loss=2.4045668
err=0.40681
elapsed_time_chunk=144.669481
