[results]
loss=2.3320081
err=0.4020034
elapsed_time_chunk=153.648768
