[results]
loss=4.57973
err=0.6619828
elapsed_time_chunk=59.612335
