[results]
loss=3.0235903
err=0.4755469
elapsed_time_chunk=102.765966
