[results]
loss=3.7249427
err=0.56645644
elapsed_time_chunk=57.667118
