[results]
loss=4.995511
err=0.6880983
elapsed_time_chunk=57.652715
