[results]
loss=3.1587355
err=0.49685043
elapsed_time_chunk=98.218978
