[results]
loss=2.4804482
err=0.4144318
elapsed_time_chunk=164.563383
