[results]
loss=3.7557712
err=0.57672334
elapsed_time_chunk=51.130320
