[results]
loss=2.7040515
err=0.44530758
elapsed_time_chunk=153.091449
