[results]
loss=2.3979995
err=0.40278578
elapsed_time_chunk=173.483471
