[results]
loss=3.00716
err=0.47671476
elapsed_time_chunk=96.202903
