[results]
loss=2.9159448
err=0.4672774
elapsed_time_chunk=103.296166
