[results]
loss=2.3949046
err=0.4066608
elapsed_time_chunk=148.276264
