[results]
loss=3.0892138
err=0.492339
elapsed_time_chunk=101.253001
