[results]
loss=2.8954077
err=0.4752156
elapsed_time_chunk=99.539312
