[results]
loss=3.4087796
err=0.5348094
elapsed_time_chunk=69.289461
