[results]
loss=2.2342641
err=0.3860746
elapsed_time_chunk=152.936060
