[results]
loss=3.8661454
err=0.57958263
elapsed_time_chunk=54.642876
