[results]
loss=2.8334992
err=0.4483314
elapsed_time_chunk=143.129525
