[results]
loss=2.9391356
err=0.46922272
elapsed_time_chunk=94.813353
