[results]
loss=3.0975087
err=0.50267214
elapsed_time_chunk=68.872278
