[results]
loss=3.1065273
err=0.50437933
elapsed_time_chunk=67.973755
