[results]
loss=2.7241576
err=0.4416129
elapsed_time_chunk=140.474525
