[results]
loss=2.6667316
err=0.43879262
elapsed_time_chunk=136.583372
