[results]
loss=2.734475
err=0.4477711
elapsed_time_chunk=144.451998
