[results]
loss=2.4577243
err=0.40941152
elapsed_time_chunk=169.842733
