[results]
loss=2.2491217
err=0.39289796
elapsed_time_chunk=169.130080
