[results]
loss=2.4167764
err=0.40855587
elapsed_time_chunk=162.581044
