[results]
loss=2.6135833
err=0.43558085
elapsed_time_chunk=141.591461
