[results]
loss=2.3611808
err=0.40194938
elapsed_time_chunk=155.560879
