[results]
loss=3.7874587
err=0.57216626
elapsed_time_chunk=59.366514
