[results]
loss=3.313384
err=0.52205455
elapsed_time_chunk=73.054827
