[results]
loss=2.3180676
err=0.39754993
elapsed_time_chunk=146.937591
