[results]
loss=2.3636954
err=0.4048045
elapsed_time_chunk=167.165775
