[results]
loss=2.7036862
err=0.44071147
elapsed_time_chunk=137.900611
