[results]
loss=3.159464
err=0.49655506
elapsed_time_chunk=98.795904
