[results]
loss=2.324592
err=0.39503133
elapsed_time_chunk=152.435743
