[results]
loss=2.3486562
err=0.3919016
elapsed_time_chunk=154.614619
