[results]
loss=3.5009692
err=0.53214926
elapsed_time_chunk=70.899041
