[results]
loss=2.3656654
err=0.4064478
elapsed_time_chunk=156.264338
