[results]
loss=2.377498
err=0.40543368
elapsed_time_chunk=155.170744
