[results]
loss=3.2979167
err=0.51734143
elapsed_time_chunk=68.167432
