[results]
loss=2.6652582
err=0.4283386
elapsed_time_chunk=164.254168
