[results]
loss=2.4896567
err=0.42235214
elapsed_time_chunk=154.473024
