[results]
loss=2.8646593
err=0.46622798
elapsed_time_chunk=94.177332
