[results]
loss=2.4595644
err=0.40769768
elapsed_time_chunk=161.720126
