[results]
loss=3.217835
err=0.5165857
elapsed_time_chunk=67.487220
