[results]
loss=2.4720364
err=0.41813037
elapsed_time_chunk=158.358582
