[results]
loss=3.366507
err=0.52406245
elapsed_time_chunk=69.156275
