[results]
loss=3.0511699
err=0.48838973
elapsed_time_chunk=97.475911
