[results]
loss=2.4719837
err=0.41341087
elapsed_time_chunk=160.903974
