[results]
loss=2.4616253
err=0.41161373
elapsed_time_chunk=168.194348
