[results]
loss=3.292641
err=0.51140976
elapsed_time_chunk=68.057740
