[results]
loss=2.921447
err=0.47686353
elapsed_time_chunk=97.489996
