[results]
loss=4.2056594
err=0.61676586
elapsed_time_chunk=58.190013
