[results]
loss=2.4396667
err=0.41964605
elapsed_time_chunk=154.816326
