[results]
loss=3.24981
err=0.50930566
elapsed_time_chunk=70.051743
