[results]
loss=2.8053477
err=0.46864954
elapsed_time_chunk=92.739849
