[results]
loss=3.5098557
err=0.5376827
elapsed_time_chunk=70.389948
