[results]
loss=3.1205375
err=0.5009071
elapsed_time_chunk=65.077705
