[results]
loss=2.4566698
err=0.4108327
elapsed_time_chunk=152.435169
