[results]
loss=2.589087
err=0.43574923
elapsed_time_chunk=135.540635
