[results]
loss=2.8344924
err=0.45235056
elapsed_time_chunk=144.439297
