[results]
loss=2.9580545
err=0.4815521
elapsed_time_chunk=94.455862
