[results]
loss=2.3080704
err=0.40126532
elapsed_time_chunk=167.179158
