[results]
loss=3.9889686
err=0.6012668
elapsed_time_chunk=55.991155
