[results]
loss=3.2664368
err=0.5153814
elapsed_time_chunk=70.210945
