[results]
loss=3.212591
err=0.51125485
elapsed_time_chunk=67.200527
