[results]
loss=3.2024043
err=0.5133617
elapsed_time_chunk=69.367433
