[results]
loss=3.842722
err=0.5834673
elapsed_time_chunk=58.348137
