[results]
loss=2.6763074
err=0.43870994
elapsed_time_chunk=144.972193
