[results]
loss=2.4290268
err=0.41568154
elapsed_time_chunk=158.652811
