[results]
loss=3.272544
err=0.5236912
elapsed_time_chunk=71.220680
