[results]
loss=2.4091911
err=0.40863582
elapsed_time_chunk=155.924530
