[results]
loss=2.7876847
err=0.44516408
elapsed_time_chunk=141.922901
