[results]
loss=2.6760385
err=0.44054165
elapsed_time_chunk=137.537124
