[results]
loss=2.3537483
err=0.40321454
elapsed_time_chunk=168.588909
