[results]
loss=2.996082
err=0.4828209
elapsed_time_chunk=101.257357
