[results]
loss=2.3787293
err=0.40159637
elapsed_time_chunk=157.410910
