[results]
loss=2.2872908
err=0.4006664
elapsed_time_chunk=154.026612
