[results]
loss=3.0265055
err=0.48826492
elapsed_time_chunk=97.400690
