[results]
loss=3.7924714
err=0.5710009
elapsed_time_chunk=53.871539
