[results]
loss=2.8964052
err=0.47434762
elapsed_time_chunk=95.912626
