[results]
loss=2.308531
err=0.39673796
elapsed_time_chunk=156.036377
