[results]
loss=2.4502878
err=0.41239208
elapsed_time_chunk=151.014199
