[results]
loss=2.4557393
err=0.40819606
elapsed_time_chunk=164.634670
