[results]
loss=2.7365777
err=0.45021987
elapsed_time_chunk=142.889953
