[results]
loss=2.781333
err=0.449324
elapsed_time_chunk=138.103112
