[results]
loss=4.4606795
err=0.65077555
elapsed_time_chunk=56.094811
