[results]
loss=2.78795
err=0.45700446
elapsed_time_chunk=149.308032
