[results]
loss=4.042598
err=0.6092069
elapsed_time_chunk=57.330805
