[results]
loss=3.931203
err=0.5977063
elapsed_time_chunk=58.490602
