[results]
loss=3.078239
err=0.48771173
elapsed_time_chunk=96.184806
