[results]
loss=3.3258996
err=0.5229513
elapsed_time_chunk=68.344975
