[results]
loss=2.624265
err=0.43973732
elapsed_time_chunk=144.350816
