[results]
loss=2.4348295
err=0.41283146
elapsed_time_chunk=151.534240
