[results]
loss=2.6884148
err=0.44427645
elapsed_time_chunk=143.821001
