[results]
loss=3.2775078
err=0.5170216
elapsed_time_chunk=70.745591
