[results]
loss=2.7199125
err=0.4424771
elapsed_time_chunk=136.568287
