[results]
loss=2.491629
err=0.4143776
elapsed_time_chunk=156.922176
