[results]
loss=2.3859754
err=0.40881863
elapsed_time_chunk=160.700082
