[results]
loss=2.648607
err=0.43551037
elapsed_time_chunk=131.481959
