[results]
loss=4.314269
err=0.6378144
elapsed_time_chunk=54.524454
