[results]
loss=2.4685662
err=0.41513243
elapsed_time_chunk=163.673008
