[results]
loss=3.2660992
err=0.52091086
elapsed_time_chunk=66.384963
