[results]
loss=6.198659
err=0.79352933
elapsed_time_chunk=56.447565
