[results]
loss=3.3008935
err=0.5148962
elapsed_time_chunk=67.798862
