[results]
loss=4.444325
err=0.64942163
elapsed_time_chunk=52.505890
