[results]
loss=2.973727
err=0.4764733
elapsed_time_chunk=96.833808
