[results]
loss=2.7779171
err=0.45415348
elapsed_time_chunk=139.825440
