[results]
loss=3.930087
err=0.59466255
elapsed_time_chunk=57.514222
