[results]
loss=2.3220918
err=0.40111303
elapsed_time_chunk=147.942488
