[results]
loss=3.341815
err=0.531581
elapsed_time_chunk=68.940440
