[results]
loss=3.4069827
err=0.53043634
elapsed_time_chunk=69.294660
