[results]
loss=2.5431972
err=0.42041454
elapsed_time_chunk=160.291916
