[results]
loss=2.8702595
err=0.46887073
elapsed_time_chunk=95.798651
