[results]
loss=2.4094474
err=0.40982497
elapsed_time_chunk=167.490406
