[results]
loss=3.991081
err=0.59178656
elapsed_time_chunk=58.149494
