[results]
loss=2.6755805
err=0.44600156
elapsed_time_chunk=141.309424
