[results]
loss=2.2527583
err=0.3918916
elapsed_time_chunk=148.745250
