[results]
loss=2.50185
err=0.407581
elapsed_time_chunk=155.540398
