[results]
loss=2.5265892
err=0.4281177
elapsed_time_chunk=145.188021
