[results]
loss=4.7782416
err=0.6862003
elapsed_time_chunk=57.709677
