[results]
loss=3.0031843
err=0.4822705
elapsed_time_chunk=97.565931
