[results]
loss=3.8880968
err=0.5879313
elapsed_time_chunk=56.510872
