[results]
loss=2.4361222
err=0.40597278
elapsed_time_chunk=151.910760
