[results]
loss=3.4952104
err=0.54145414
elapsed_time_chunk=68.837324
