[results]
loss=3.2574975
err=0.5110323
elapsed_time_chunk=67.898461
