[results]
loss=3.3216228
err=0.52504766
elapsed_time_chunk=67.820659
