[results]
loss=2.9129903
err=0.4686761
elapsed_time_chunk=98.571607
