[results]
loss=2.4026434
err=0.41257045
elapsed_time_chunk=165.292669
