[results]
loss=2.6930358
err=0.44476664
elapsed_time_chunk=140.031056
