[results]
loss=2.5082924
err=0.41408312
elapsed_time_chunk=157.398767
