[results]
loss=2.9682267
err=0.48315075
elapsed_time_chunk=98.464709
