[results]
loss=2.453012
err=0.41931787
elapsed_time_chunk=161.388468
