[results]
loss=2.4528532
err=0.41173592
elapsed_time_chunk=158.386288
