[results]
loss=2.281852
err=0.39091414
elapsed_time_chunk=151.247915
