[results]
loss=3.2743247
err=0.5135647
elapsed_time_chunk=68.487601
