[results]
loss=2.6125398
err=0.41686735
elapsed_time_chunk=170.992042
