[results]
loss=2.461278
err=0.40937263
elapsed_time_chunk=163.675090
