[results]
loss=2.419634
err=0.40930766
elapsed_time_chunk=161.829674
