[results]
loss=2.9907687
err=0.4851629
elapsed_time_chunk=100.039174
