[results]
loss=4.270673
err=0.6292557
elapsed_time_chunk=58.183815
