[results]
loss=2.3503592
err=0.39752212
elapsed_time_chunk=149.710582
