[results]
loss=3.2207346
err=0.5165419
elapsed_time_chunk=69.566416
