[results]
loss=2.4701126
err=0.41418773
elapsed_time_chunk=171.089703
