[results]
loss=2.8906848
err=0.46799618
elapsed_time_chunk=93.683305
