[results]
loss=3.0216722
err=0.480731
elapsed_time_chunk=97.013188
