[results]
loss=2.462221
err=0.4156553
elapsed_time_chunk=152.967897
