[results]
loss=2.3798127
err=0.4070902
elapsed_time_chunk=164.080907
