[results]
loss=2.5886474
err=0.42811036
elapsed_time_chunk=168.291074
