[results]
loss=2.4575791
err=0.4165744
elapsed_time_chunk=165.111644
