[results]
loss=2.624594
err=0.43362936
elapsed_time_chunk=144.869942
