[results]
loss=2.5017085
err=0.4164343
elapsed_time_chunk=158.740661
