[results]
loss=2.3585737
err=0.40892458
elapsed_time_chunk=157.106550
