[results]
loss=2.427485
err=0.40393278
elapsed_time_chunk=155.374954
