[results]
loss=3.5803747
err=0.53975815
elapsed_time_chunk=71.547535
