[results]
loss=2.4802165
err=0.40806273
elapsed_time_chunk=150.283024
