[results]
loss=2.4486463
err=0.41145608
elapsed_time_chunk=151.521702
