[results]
loss=2.825251
err=0.45854864
elapsed_time_chunk=154.120179
