[results]
loss=4.478241
err=0.65115666
elapsed_time_chunk=54.904709
