[results]
loss=2.7320583
err=0.44973406
elapsed_time_chunk=140.303866
