[results]
loss=4.1234007
err=0.6144548
elapsed_time_chunk=57.585568
