[results]
loss=3.8399704
err=0.58423483
elapsed_time_chunk=58.720092
