[results]
loss=2.939193
err=0.4802984
elapsed_time_chunk=91.480766
