[results]
loss=2.4088202
err=0.4072746
elapsed_time_chunk=156.820143
