[results]
loss=3.0484204
err=0.47400427
elapsed_time_chunk=95.854016
