[results]
loss=3.8871977
err=0.5828749
elapsed_time_chunk=56.375499
