[results]
loss=2.478091
err=0.41630453
elapsed_time_chunk=160.339134
