[results]
loss=3.0714378
err=0.49561855
elapsed_time_chunk=99.279328
