[results]
loss=3.3132393
err=0.5231274
elapsed_time_chunk=70.732723
