[results]
loss=2.4666035
err=0.4159591
elapsed_time_chunk=151.418671
