[results]
loss=3.2544935
err=0.51009107
elapsed_time_chunk=66.738488
