[results]
loss=2.5004673
err=0.41589484
elapsed_time_chunk=154.912644
