[results]
loss=3.8390043
err=0.5748469
elapsed_time_chunk=59.963315
