[results]
loss=2.8796854
err=0.46614093
elapsed_time_chunk=96.831798
