[results]
loss=2.5880997
err=0.43185082
elapsed_time_chunk=130.709544
