[results]
loss=3.4549844
err=0.5293525
elapsed_time_chunk=70.778238
