[results]
loss=2.7598264
err=0.44989645
elapsed_time_chunk=136.122373
