[results]
loss=5.07838
err=0.71244794
elapsed_time_chunk=57.890785
