[results]
loss=3.5293813
err=0.5431719
elapsed_time_chunk=65.372216
