[results]
loss=3.0138218
err=0.47999653
elapsed_time_chunk=96.311512
