[results]
loss=2.4197662
err=0.40403688
elapsed_time_chunk=160.987418
