[results]
loss=3.071467
err=0.48847476
elapsed_time_chunk=94.827652
