[results]
loss=3.2977147
err=0.5121196
elapsed_time_chunk=71.275916
