[results]
loss=2.403335
err=0.40674183
elapsed_time_chunk=164.000745
