[results]
loss=2.3892198
err=0.40231693
elapsed_time_chunk=164.360431
