[results]
loss=3.0618029
err=0.48798585
elapsed_time_chunk=102.990678
