[results]
loss=2.6765294
err=0.4402816
elapsed_time_chunk=138.436076
