[results]
loss=3.065566
err=0.48546585
elapsed_time_chunk=94.987453
