[results]
loss=2.446711
err=0.40917823
elapsed_time_chunk=162.744608
