[results]
loss=2.4976947
err=0.41595685
elapsed_time_chunk=160.785277
