[results]
loss=2.4029248
err=0.40597388
elapsed_time_chunk=158.835924
