[results]
loss=2.5634809
err=0.4253014
elapsed_time_chunk=152.475601
