[results]
loss=2.5983448
err=0.41989243
elapsed_time_chunk=167.546329
