[results]
loss=2.38225
err=0.3987798
elapsed_time_chunk=164.994789
