[results]
loss=4.3958716
err=0.6328963
elapsed_time_chunk=59.694002
