[results]
loss=3.6833873
err=0.5677057
elapsed_time_chunk=57.570275
