[results]
loss=4.176503
err=0.62542474
elapsed_time_chunk=57.210775
