[results]
loss=2.375145
err=0.39978778
elapsed_time_chunk=156.179301
