[results]
loss=2.4909925
err=0.42182103
elapsed_time_chunk=166.435296
