[results]
loss=2.5781937
err=0.43671215
elapsed_time_chunk=147.168119
