[results]
loss=2.9219913
err=0.4769252
elapsed_time_chunk=96.361722
