[results]
loss=4.007932
err=0.6007534
elapsed_time_chunk=57.903119
