[results]
loss=3.7681289
err=0.5694038
elapsed_time_chunk=58.655901
