[results]
loss=2.327054
err=0.4018664
elapsed_time_chunk=152.645352
