[results]
loss=2.6287382
err=0.42146838
elapsed_time_chunk=152.432116
