[results]
loss=3.593715
err=0.55263335
elapsed_time_chunk=70.514854
