[results]
loss=2.9352958
err=0.46992797
elapsed_time_chunk=97.048397
