[results]
loss=2.3253007
err=0.40000847
elapsed_time_chunk=156.009519
