[results]
loss=2.3195057
err=0.3931023
elapsed_time_chunk=157.746413
