[results]
loss=2.3402193
err=0.40506485
elapsed_time_chunk=169.123294
