[results]
loss=4.1608634
err=0.6219954
elapsed_time_chunk=57.505383
