[results]
loss=3.3420434
err=0.5255744
elapsed_time_chunk=69.177632
