[results]
loss=2.7603724
err=0.4502265
elapsed_time_chunk=147.996577
