[results]
loss=2.8637483
err=0.46132702
elapsed_time_chunk=141.969002
