[results]
loss=2.375974
err=0.40001288
elapsed_time_chunk=145.084400
