[results]
loss=2.3937757
err=0.40946534
elapsed_time_chunk=157.621308
