[results]
loss=3.0091825
err=0.47470683
elapsed_time_chunk=94.188859
