[results]
loss=2.3678298
err=0.40061808
elapsed_time_chunk=150.495034
