[results]
loss=2.4560037
err=0.4070461
elapsed_time_chunk=156.754927
