[results]
loss=2.49803
err=0.40936178
elapsed_time_chunk=158.121052
