[results]
loss=7.7565627
err=0.85494816
elapsed_time_chunk=59.037814
