[results]
loss=2.4147878
err=0.40855128
elapsed_time_chunk=155.389536
