[results]
loss=2.3770278
err=0.40490663
elapsed_time_chunk=168.299158
