[results]
loss=3.7584949
err=0.56556565
elapsed_time_chunk=55.550782
