[results]
loss=3.711126
err=0.5636522
elapsed_time_chunk=57.650439
