[results]
loss=2.5562904
err=0.41802543
elapsed_time_chunk=152.342909
