[results]
loss=2.64088
err=0.43367308
elapsed_time_chunk=133.038407
