[results]
loss=2.512305
err=0.41711363
elapsed_time_chunk=174.210912
