[results]
loss=2.584307
err=0.42036954
elapsed_time_chunk=167.080356
