[results]
loss=3.441773
err=0.53471434
elapsed_time_chunk=71.692742
