[results]
loss=2.4431422
err=0.4182254
elapsed_time_chunk=160.098955
