[results]
loss=2.9299734
err=0.48244667
elapsed_time_chunk=92.526907
