[results]
loss=3.4323952
err=0.53979194
elapsed_time_chunk=69.281797
