[results]
loss=2.7792141
err=0.44874835
elapsed_time_chunk=142.122970
