[results]
loss=2.5239983
err=0.41561234
elapsed_time_chunk=157.163832
