[results]
loss=2.728001
err=0.44722208
elapsed_time_chunk=138.401580
