[results]
loss=2.400795
err=0.40652215
elapsed_time_chunk=164.884131
