[results]
loss=2.5810988
err=0.4356736
elapsed_time_chunk=138.120413
