[results]
loss=2.6276052
err=0.43860132
elapsed_time_chunk=143.727161
