[results]
loss=3.2128985
err=0.51112604
elapsed_time_chunk=66.603467
