[results]
loss=2.4414864
err=0.41745833
elapsed_time_chunk=152.465119
