[results]
loss=3.2193847
err=0.5117704
elapsed_time_chunk=68.222839
