[results]
loss=3.575839
err=0.5563799
elapsed_time_chunk=54.646255
