[results]
loss=3.384107
err=0.5316901
elapsed_time_chunk=70.168285
