[results]
loss=2.964477
err=0.47681648
elapsed_time_chunk=98.034820
