[results]
loss=5.513203
err=0.74030113
elapsed_time_chunk=53.927855
