[results]
loss=2.4416044
err=0.41023144
elapsed_time_chunk=153.926713
