[results]
loss=2.6136005
err=0.41959608
elapsed_time_chunk=176.880799
