[results]
loss=3.0614433
err=0.4946269
elapsed_time_chunk=98.157090
