[results]
loss=2.4215646
err=0.40407613
elapsed_time_chunk=155.455104
