[results]
loss=2.385103
err=0.40602386
elapsed_time_chunk=144.584285
