[results]
loss=3.65343
err=0.56556755
elapsed_time_chunk=54.595004
