[results]
loss=2.416213
err=0.41142386
elapsed_time_chunk=150.574474
