[results]
loss=2.3037903
err=0.39481884
elapsed_time_chunk=145.918891
