[results]
loss=2.3490317
err=0.402167
elapsed_time_chunk=158.822470
