[results]
loss=2.5062768
err=0.41589132
elapsed_time_chunk=163.852376
