[results]
loss=2.6662023
err=0.4397075
elapsed_time_chunk=138.336623
