[results]
loss=3.7799523
err=0.5751987
elapsed_time_chunk=57.771858
