[results]
loss=3.1947143
err=0.49721053
elapsed_time_chunk=96.867667
