[results]
loss=3.4650693
err=0.5280221
elapsed_time_chunk=68.466976
