[results]
loss=2.4020758
err=0.41055343
elapsed_time_chunk=156.646532
