[results]
loss=2.5181825
err=0.42317796
elapsed_time_chunk=150.423359
