[results]
loss=3.4674041
err=0.5407879
elapsed_time_chunk=64.859036
