[results]
loss=2.3537996
err=0.3993465
elapsed_time_chunk=173.412235
