[results]
loss=2.5517132
err=0.4344131
elapsed_time_chunk=142.226225
