[results]
loss=3.0792081
err=0.48179838
elapsed_time_chunk=100.140912
