[results]
loss=2.6901975
err=0.43961954
elapsed_time_chunk=137.865079
