[results]
loss=2.5141008
err=0.41734064
elapsed_time_chunk=164.482191
