[results]
loss=2.3250117
err=0.39791864
elapsed_time_chunk=143.257878
