[results]
loss=2.9370754
err=0.4784813
elapsed_time_chunk=92.850602
