[results]
loss=2.7372413
err=0.44396913
elapsed_time_chunk=145.264370
