ep=00 tr=['UPM_tr'] loss=0.103 err=1.000 valid=UPM_val loss=0.089 err=0.999 lr_architecture1=0.00032 lr_architecture2=0.00032 time(s)=2890
ep=01 tr=['UPM_tr'] loss=0.087 err=0.999 valid=UPM_val loss=0.078 err=1.000 lr_architecture1=0.00032 lr_architecture2=0.00032 time(s)=3519
